Shoulder_x,Shoulder_y,Shoulder_z,Shoulder_error,Shoulder_ncams,Shoulder_score,Elbow_x,Elbow_y,Elbow_z,Elbow_error,Elbow_ncams,Elbow_score,Wrist_x,Wrist_y,Wrist_z,Wrist_error,Wrist_ncams,Wrist_score,Hand_x,Hand_y,Hand_z,Hand_error,Hand_ncams,Hand_score,Joystick_x,Joystick_y,Joystick_z,Joystick_error,Joystick_ncams,Joystick_score,M_00,M_01,M_02,M_10,M_11,M_12,M_20,M_21,M_22,center_0,center_1,center_2,fnum
-10.116319153852555,1.0835790508455079,94.31932571739894,3.4321548752292244,3.0,0.4347844133979166,-11.021234466148794,6.814673330632501,99.46639957541944,4.302744404778218,3.0,0.9013079487519249,-9.266986374990424,9.30044246280694,91.2400633466683,3.890305599522398,3.0,0.29358989550282616,-8.539600463032068,10.75635610608039,87.87835932207501,1.6532770521748041,3.0,0.27350745285820105,-6.183531636734788,10.727255380297953,87.47141864853269,3.211376099934671,3.0,0.3212252885815096,1.0,0.0,0.0,0.0,1.0,0.0,0.0,0.0,1.0,0.0,0.0,0.0,0
-10.101015038957712,1.0623484695686234,94.3573104217476,3.3855649557289347,3.0,0.434780450294075,-11.031681740439483,6.833176890683278,99.53332388668332,4.260913558430812,3.0,0.90089546861897,-9.28332053986816,9.299713985708184,91.24274327845693,3.8739261436439505,3.0,0.2925879991858979,-8.551606637685353,10.752777840677668,87.87488691065187,1.6789507928500675,3.0,0.2731395004636992,-6.1876788604451125,10.73114128381178,87.46998017343887,3.241834009127846,3.0,0.3212272294909791,1.0,0.0,0.0,0.0,1.0,0.0,0.0,0.0,1.0,0.0,0.0,0.0,1
-10.13556771308046,1.0621538742506709,94.30908608705833,3.3615333681917434,3.0,0.43478328844002306,-11.056146907525978,6.829976635011754,99.51923029493891,4.200175470768193,3.0,0.900078550881478,-9.303794991767669,9.295101595124196,91.24182354652002,3.916279400043619,3.0,0.29064177231543553,-8.563879265253005,10.75505664342635,87.87769501252168,1.6349018186777131,3.0,0.2724295016644101,-6.189443251079811,10.727600482690093,87.4755629232867,3.2392500167588967,3.0,0.3212275723937919,1.0,0.0,0.0,0.0,1.0,0.0,0.0,0.0,1.0,0.0,0.0,0.0,2
-10.12309303021824,1.0734471243104797,94.30377629563442,3.488426595888266,3.0,0.4347856212247375,-11.05348248013222,6.795703387239637,99.51666283488993,4.239448845091668,3.0,0.9002015063217564,-9.305727409825279,9.29519926697386,91.25228016665513,3.9026654389683393,3.0,0.29093154361103907,-8.5682933221846,10.763117744597194,87.89267864727886,1.6560338299288928,3.0,0.2725348303158133,-6.198026538580633,10.723269826188288,87.48454973438473,3.1271803543936305,3.0,0.32122905700323884,1.0,0.0,0.0,0.0,1.0,0.0,0.0,0.0,1.0,0.0,0.0,0.0,3
-10.11368318879822,1.0639767275803942,94.3217620300983,3.384166813382015,3.0,0.43478495824604335,-11.04636064776795,6.82290211860249,99.51698451755057,4.3025871371875875,3.0,0.9002020412400257,-9.30784918917323,9.307209517950334,91.2633688172241,3.8442623594266347,3.0,0.2909327994821169,-8.564733601540057,10.768068410939708,87.89456266583666,1.6278589130288872,3.0,0.2725352806677373,-6.198740458583037,10.727867714901459,87.49584043950274,3.145471429037466,3.0,0.3212296599414836,1.0,0.0,0.0,0.0,1.0,0.0,0.0,0.0,1.0,0.0,0.0,0.0,4
-10.098794732766555,1.0979401257253902,94.35414415605835,3.362580179710214,3.0,0.43478058129592834,-11.060967517359401,6.822669904157105,99.50104366757763,4.101918144147359,3.0,0.9003689550736208,-9.32404277152325,9.302615045344046,91.26682041000359,3.914004346820775,3.0,0.29132811998258673,-8.579095207254056,10.77452242150934,87.9056274389973,1.6585545637623185,3.0,0.27267911297843456,-6.2045344270737,10.721229333406342,87.50044197332873,3.1611347047915803,3.0,0.3212336385603468,1.0,0.0,0.0,0.0,1.0,0.0,0.0,0.0,1.0,0.0,0.0,0.0,5
-10.120488833319545,1.0843102023548983,94.36203823194955,3.4005355679630918,3.0,0.4347780894695933,-11.079543685519994,6.826344791468036,99.5360488406249,4.206512333475272,3.0,0.8990696257169892,-9.322695668907361,9.304604378598253,91.28263662705258,3.8885288338793935,3.0,0.2883039669659611,-8.573681178600363,10.775757510736316,87.9192672336569,1.6788668608926132,3.0,0.27158510779841183,-6.20330319556703,10.726663268422753,87.50551716158293,3.21551527764905,3.0,0.32123737668996044,1.0,0.0,0.0,0.0,1.0,0.0,0.0,0.0,1.0,0.0,0.0,0.0,6
-10.11551974638601,1.091041363109008,94.38442518994648,3.3124075915931273,3.0,0.434780770569278,-11.109575628566926,6.844900735569197,99.48366565079131,4.334157704997783,3.0,0.8979654269373978,-9.332524999255378,9.305407753707433,91.27202872540933,3.8534869697829066,3.0,0.28582451339046056,-8.581135853822918,10.778954204384835,87.91223029065556,1.6718109456735757,3.0,0.27069938844044744,-6.2000398774388366,10.726502823411664,87.50466855704211,3.0972418015301133,3.0,0.3212317456636129,1.0,0.0,0.0,0.0,1.0,0.0,0.0,0.0,1.0,0.0,0.0,0.0,7
-10.102506553777085,1.0854407208469723,94.35881320211399,3.323227173696632,3.0,0.43477927698468394,-11.074969475007231,6.801933247307459,99.51478627908894,4.2051494945427415,3.0,0.8983503486407028,-9.334263553152834,9.304939044163548,91.28428695290883,3.9392329604955503,3.0,0.2866797378928711,-8.584520460758934,10.776343360171412,87.89784881318448,1.6548111161133894,3.0,0.27100377322776087,-6.194668114818927,10.728656031541117,87.49798575716271,3.1743621178022905,3.0,0.3212357804688753,1.0,0.0,0.0,0.0,1.0,0.0,0.0,0.0,1.0,0.0,0.0,0.0,8
-10.094831334001162,1.1116482788092972,94.37282822562732,3.1839918479497293,3.0,0.434780019083329,-11.121821658945063,6.843526073082362,99.46558176122167,4.382465470337809,3.0,0.899237105671583,-9.342576414832658,9.295880359239035,91.27994714707623,3.9402143403383505,3.0,0.28868734609945973,-8.58934508159115,10.787065328488021,87.9162534117415,1.6850263707025555,3.0,0.2717228797161589,-6.197738173019328,10.727308668051277,87.50190693852183,3.1809028796276393,3.0,0.3212323839977992,1.0,0.0,0.0,0.0,1.0,0.0,0.0,0.0,1.0,0.0,0.0,0.0,9
-10.096258375763064,1.1232555099734323,94.36227457415609,3.22906367694349,3.0,0.4347800675759,-11.129187170645583,6.846927416269273,99.50763071953932,4.415394516880894,3.0,0.8990585724268831,-9.348904297821727,9.303690472238795,91.26741163273401,3.9240705164869834,3.0,0.2882792496979295,-8.59951351065797,10.783112455811825,87.90560647414014,1.6504812611736115,3.0,0.2715760221889286,-6.206176152895572,10.725546286063057,87.49844444535124,3.1358414173644213,3.0,0.3212330722796247,1.0,0.0,0.0,0.0,1.0,0.0,0.0,0.0,1.0,0.0,0.0,0.0,10
-10.103000143329796,1.096852247662196,94.38398097195997,3.221076191378654,3.0,0.4347814093228837,-11.143937643755331,6.826290122766705,99.5025426814302,4.344235184910784,3.0,0.8989441990356282,-9.353944355166092,9.298791018766156,91.27147141430002,3.978670349478779,3.0,0.28801857818207516,-8.601448044075209,10.779149240822235,87.91332705100758,1.6665474923908004,3.0,0.27148251412363633,-6.205861335980602,10.725989845704852,87.49239806448526,3.153115420703532,3.0,0.32123777880191784,1.0,0.0,0.0,0.0,1.0,0.0,0.0,0.0,1.0,0.0,0.0,0.0,11
-10.096138336422015,1.0947322824023764,94.35591360186457,3.3009329749662766,3.0,0.43478014921894825,-11.12858347566446,6.847948417488442,99.48997652602723,4.362137598988819,3.0,0.8983818285674668,-9.354757929509887,9.302699393217152,91.2834354878316,3.9745098052156327,3.0,0.28675050613906145,-8.600960257575911,10.771656123688922,87.91168200454717,1.6489067535728752,3.0,0.2710288452124073,-6.214569030176236,10.736248020209656,87.51243071432854,3.1882847413399773,3.0,0.32124032764207666,1.0,0.0,0.0,0.0,1.0,0.0,0.0,0.0,1.0,0.0,0.0,0.0,12
-10.09690661128858,1.090259351150723,94.3595111777552,3.2758505754043092,3.0,0.4347772060563989,-11.126561008129574,6.837762967076497,99.47309915079194,4.410047341904547,3.0,0.8984487850150848,-9.35881795608935,9.288436038467513,91.28734895445903,4.010166206864904,3.0,0.28690040674973233,-8.600551391694575,10.776289380844961,87.91979757464797,1.690211657101709,3.0,0.2710823306081277,-6.209133700653195,10.741929925142452,87.53258013572454,3.197939876447529,3.0,0.3212396501943919,1.0,0.0,0.0,0.0,1.0,0.0,0.0,0.0,1.0,0.0,0.0,0.0,13
-10.1012276385393,1.0852318368936977,94.35444888810164,3.297168171890148,3.0,0.43477874351465695,-11.14936034211768,6.81033400382,99.46796326734399,4.484715971199138,3.0,0.8952669226007448,-9.355236593564308,9.29191127285762,91.30845540084981,3.9552052167528324,3.0,0.2800851904301401,-8.605245025176233,10.780062850064876,87.94335500949934,1.670417453061124,3.0,0.2686865685906093,-6.2035109997692715,10.736890415716607,87.53565785715323,3.2018574769778247,3.0,0.32124837762597186,1.0,0.0,0.0,0.0,1.0,0.0,0.0,0.0,1.0,0.0,0.0,0.0,14
-10.112518685841346,1.0743855358854446,94.35967162601813,3.3266926146742617,3.0,0.43478251896945763,-11.147656333284006,6.814310359771314,99.4847786710054,4.465278429918968,3.0,0.8961695710188297,-9.370742637014706,9.291032149125646,91.29619678719217,3.9879356745052306,3.0,0.28195707254064123,-8.601868667543641,10.782834509716764,87.94908208671123,1.6871306084861777,3.0,0.2693373402446265,-6.218514885998576,10.737489039750894,87.52711873161802,3.2196678460265673,3.0,0.3212408209737413,1.0,0.0,0.0,0.0,1.0,0.0,0.0,0.0,1.0,0.0,0.0,0.0,15
-10.11432959071531,1.090090720462731,94.37672925160963,3.2607853429039433,3.0,0.43478087572705276,-11.144869734068438,6.81051700808946,99.47267768240704,4.415264296875004,3.0,0.8971186304325008,-9.367473534909857,9.290983630077601,91.2961132009895,3.958993899165461,3.0,0.28397654843714776,-8.614180579600939,10.780399324095447,87.93436733178652,1.6680849896575574,3.0,0.27004552486045685,-6.218749137569637,10.736555812398894,87.51689380061461,3.1567864602273192,3.0,0.3212436273983839,1.0,0.0,0.0,0.0,1.0,0.0,0.0,0.0,1.0,0.0,0.0,0.0,16
-10.118671677730317,1.0631334078906698,94.33903895937442,3.340139941956122,3.0,0.43478266283925393,-11.153327964073096,6.815018602342038,99.47855723909754,4.506481966174729,3.0,0.8990561250803129,-9.362412988008428,9.289159277649864,91.28593147939516,3.9480691675828914,3.0,0.28827348187024915,-8.611020341245872,10.78480379340508,87.93438699654958,1.6568778469964638,3.0,0.2715740141422035,-6.223964225336747,10.73512931525792,87.509542376413,3.1783609257117256,3.0,0.32124170159928966,1.0,0.0,0.0,0.0,1.0,0.0,0.0,0.0,1.0,0.0,0.0,0.0,17
-10.09909896227343,1.0947405652727178,94.3629952627948,3.2251308727228554,3.0,0.43478144899869364,-11.155321213461308,6.822178498960733,99.47382262401312,4.440245875595544,3.0,0.8993733397045451,-9.366753104461317,9.283629316553947,91.272310186542,3.9085557547883414,3.0,0.28900085857367047,-8.614040198888306,10.78368494478271,87.92735831679447,1.6369881570671228,3.0,0.27183562435133796,-6.221452060120888,10.735545051782465,87.53185110560534,3.173068665123528,3.0,0.32123981411558294,1.0,0.0,0.0,0.0,1.0,0.0,0.0,0.0,1.0,0.0,0.0,0.0,18
-10.09648325644468,1.0784133940402718,94.35085333760433,3.2446855771547987,3.0,0.4347815712886027,-11.140212879552907,6.808970284609586,99.45390345983519,4.400753840656904,3.0,0.8986325698299025,-9.369762021081222,9.275748394714723,91.29712252728487,3.9693188050071675,3.0,0.2873134139954457,-8.619469972480164,10.781074931692427,87.94041834492872,1.6838442997113703,3.0,0.2712298534218814,-6.229453446846118,10.740555233046974,87.53926961524265,3.1204803844850804,3.0,0.32124347302766576,1.0,0.0,0.0,0.0,1.0,0.0,0.0,0.0,1.0,0.0,0.0,0.0,19
-10.10590573930244,1.0838474643964506,94.34744624361375,3.285852213254728,3.0,0.4347838500336744,-11.157637629928228,6.810079581827488,99.48264811352449,4.338549441414043,3.0,0.8952234561947632,-9.366731756052326,9.291771257266186,91.30892885013124,3.8998019229875034,3.0,0.2799961669059562,-8.622243163785884,10.780615269004208,87.95477245167133,1.6658886753414128,3.0,0.26865577526017587,-6.221887448051345,10.737708411524974,87.54887095346967,3.1741874129133856,3.0,0.3212394917421574,1.0,0.0,0.0,0.0,1.0,0.0,0.0,0.0,1.0,0.0,0.0,0.0,20
-10.115312381136302,1.0882121593156953,94.35836606743239,3.3013887857514312,3.0,0.4347809282341881,-11.148610753789981,6.8139550363838834,99.47556724423592,4.394737768448153,3.0,0.8970292787650006,-9.370365921234455,9.29055360366238,91.30784489968762,3.9369121847787896,3.0,0.2837841903259531,-8.618940818951994,10.792030323657283,87.95480704445683,1.6950323522844954,3.0,0.269977756379095,-6.235288271940285,10.748273058726442,87.5418191696301,3.1727815601111184,3.0,0.32123989307097023,1.0,0.0,0.0,0.0,1.0,0.0,0.0,0.0,1.0,0.0,0.0,0.0,21
-10.09727513662628,1.096999568039387,94.35599284415535,3.311809224444391,3.0,0.43477822125333454,-11.139205414849744,6.816524516774016,99.48256822069581,4.476514285522824,3.0,0.8979690158353933,-9.367588241345333,9.287561832091084,91.30231055625985,3.986995018836662,3.0,0.2858328734726506,-8.623700433799241,10.787124627590822,87.94898100360105,1.662354783387385,3.0,0.2707021689626164,-6.235234591312917,10.743553168958945,87.53923020491726,3.1463729665789444,3.0,0.321243028374983,1.0,0.0,0.0,0.0,1.0,0.0,0.0,0.0,1.0,0.0,0.0,0.0,22
-10.091290477449098,1.1005678739055476,94.37306963436346,3.2803590963567864,3.0,0.4347818094858802,-11.14990124803909,6.826115171129123,99.5014189870587,4.466532399419865,3.0,0.8972864410346714,-9.38081912483842,9.286596425895208,91.28533140190227,3.909218986252704,3.0,0.28433959905968514,-8.62490601713028,10.783557926485495,87.94118292855593,1.6656869503763196,3.0,0.27017339110383337,-6.227303729129033,10.73112890420623,87.5291923608317,3.158510730443698,3.0,0.32124317784094913,1.0,0.0,0.0,0.0,1.0,0.0,0.0,0.0,1.0,0.0,0.0,0.0,23
-10.111088548038952,1.098774326017779,94.33785847837382,3.2903644907976517,3.0,0.4347819101947993,-11.163615789705403,6.796649043859602,99.4586466997138,4.442734664393941,3.0,0.8983410503299425,-9.381578361014222,9.283356429943776,91.2686556572726,3.9250583468025986,3.0,0.28665964219963114,-8.637027372491842,10.786924233919784,87.93535829265505,1.6348964142131062,3.0,0.2709963166277344,-6.2375809303915135,10.744871496601956,87.54277713406437,3.16644764414686,3.0,0.32124030168976825,1.0,0.0,0.0,0.0,1.0,0.0,0.0,0.0,1.0,0.0,0.0,0.0,24
-10.089220244509681,1.11743134276878,94.39660610329416,3.2329547514943933,3.0,0.43478240164293575,-11.155788785790202,6.806813661166018,99.49668497585095,4.494604117340942,3.0,0.8969630339851926,-9.391786833970242,9.283009242784914,91.2999131799157,3.9633217327102863,3.0,0.28364230529514833,-8.636570397690651,10.780098620402047,87.94027341895733,1.6887775855032519,3.0,0.2699276414195527,-6.246481438370655,10.73704112515829,87.52411944622543,3.1246830698381647,3.0,0.3212423182757971,1.0,0.0,0.0,0.0,1.0,0.0,0.0,0.0,1.0,0.0,0.0,0.0,25
-10.09291941730173,1.1069459380836606,94.37611786565165,3.2133638703929477,3.0,0.4347837716567844,-11.16068783398204,6.774580366253046,99.45367899048658,4.305867747213109,3.0,0.8953298679587615,-9.400613525721123,9.274859473035406,91.30424205281437,3.9929746319756787,3.0,0.28021459740184873,-8.635595517360853,10.785201798386336,87.95579783447765,1.6877097291361185,3.0,0.2687312183258546,-6.239287393325502,10.743562580970744,87.55233978305813,3.176603699713368,3.0,0.32123984729962285,1.0,0.0,0.0,0.0,1.0,0.0,0.0,0.0,1.0,0.0,0.0,0.0,26
-10.115170126016539,1.1006492641163226,94.34427126476713,3.240344350220019,3.0,0.4347813549840563,-11.173182627873626,6.816979999859895,99.48050006451544,4.316744184598388,3.0,0.8963165751877038,-9.394802700986805,9.282882172156203,91.30186960491034,3.9834029335055674,3.0,0.2822667015009245,-8.642469185419811,10.788962096648966,87.94865156890161,1.7247456165787656,3.0,0.2694453708553591,-6.250937362761815,10.740172232067126,87.53384260489533,3.162496385618505,3.0,0.32123960302102567,1.0,0.0,0.0,0.0,1.0,0.0,0.0,0.0,1.0,0.0,0.0,0.0,27
-10.087426224660089,1.096801479168758,94.37133800593715,3.219753105711694,3.0,0.43478234401749616,-11.136484710164929,6.819521064733843,99.50679080953523,4.357171557614431,3.0,0.8930874651633646,-9.379953502022765,9.284401735368373,91.31213293941128,3.9255039395993734,3.0,0.27574919941926057,-8.6381565675756,10.786945018515897,87.96046095758712,1.6710302468924185,3.0,0.2671996732864035,-6.249632414966069,10.747631325469744,87.54312426501747,3.1799623929221283,3.0,0.3212391733794197,1.0,0.0,0.0,0.0,1.0,0.0,0.0,0.0,1.0,0.0,0.0,0.0,28
-10.074252141497826,1.098965451686187,94.3602767840346,3.3281572928935574,3.0,0.4347835144854754,-11.136857130360859,6.820712882254466,99.53156920793134,4.542586859182301,3.0,0.8935012218078333,-9.387585522836718,9.289102866192149,91.30258343936144,3.9441383724095265,3.0,0.2765530796869051,-8.646475556512499,10.788398936883729,87.94942815760966,1.6596994275164685,3.0,0.26747327547775174,-6.248306543528382,10.744810770964035,87.54359074393228,3.142083291102344,3.0,0.32124071133539,1.0,0.0,0.0,0.0,1.0,0.0,0.0,0.0,1.0,0.0,0.0,0.0,29
-10.105349133339434,1.1106385459310155,94.35954881253762,3.2460456082801863,3.0,0.43478242804713324,-11.169760943054154,6.798316862309143,99.4425509619991,4.51703604128961,3.0,0.8965242738489252,-9.402935691654939,9.276333273579455,91.29243338908522,3.9918662432355494,3.0,0.2827058501464384,-8.650170371155399,10.78367896086929,87.9444495995386,1.6813462835341468,3.0,0.2695990441350799,-6.2536340534932995,10.74405647886991,87.53691526636622,3.1589095911738454,3.0,0.32124161722732314,1.0,0.0,0.0,0.0,1.0,0.0,0.0,0.0,1.0,0.0,0.0,0.0,30
-10.105159581129353,1.0997356429599423,94.34870780390243,3.225915907703991,3.0,0.43478097581756375,-11.16651648083391,6.798220600999918,99.46198325823741,4.483206541651217,3.0,0.8941382617756436,-9.396906025367603,9.287863401007755,91.28495835680735,3.955098365726483,3.0,0.2778083857716855,-8.642806905431858,10.786596838673999,87.9447477349301,1.6890875699951113,3.0,0.2679022540390298,-6.257248752606874,10.746725577680499,87.5275694857608,3.171281905072606,3.0,0.321245159790984,1.0,0.0,0.0,0.0,1.0,0.0,0.0,0.0,1.0,0.0,0.0,0.0,31
-10.081894338202634,1.0996025331368027,94.35436904177641,3.220146465221033,3.0,0.4347838027503923,-11.16049893274215,6.783919539306528,99.45032790678879,4.370916910895407,3.0,0.8942308777342608,-9.384434487340094,9.301662180082213,91.29730890727463,3.9377159879825534,3.0,0.2779925607860919,-8.645618032954713,10.7920952219439,87.9548994721514,1.7018789997044232,3.0,0.2679654215339584,-6.258560341647088,10.745887425908215,87.53143912070983,3.176518528948856,3.0,0.3212398074927823,1.0,0.0,0.0,0.0,1.0,0.0,0.0,0.0,1.0,0.0,0.0,0.0,32
-10.073413695930642,1.108096555789921,94.37087238669419,3.1959671842198567,3.0,0.43478225602727316,-11.159628448957813,6.800627224399861,99.45732543792327,4.439339072254037,3.0,0.8954877790248095,-9.389795946073093,9.301558988742432,91.30831929206511,3.9621163046889447,3.0,0.2805390195628985,-8.647300956452053,10.786202330311127,87.94857371474716,1.6676739265535196,3.0,0.2688438009856231,-6.2601126619336345,10.748174641890381,87.5267995729893,3.1705289937101564,3.0,0.32123918005431357,1.0,0.0,0.0,0.0,1.0,0.0,0.0,0.0,1.0,0.0,0.0,0.0,33
-10.084333130393414,1.1170042143976981,94.36615507879617,3.248007544265936,3.0,0.4347828538277669,-11.170662698781783,6.79683727205719,99.46592177605268,4.374686969129514,3.0,0.8944369182791342,-9.396204819112947,9.29223630635223,91.3028481474171,3.917719741784216,3.0,0.27840423057365815,-8.648985851973668,10.795727354499164,87.96736383467095,1.7273484198248286,3.0,0.2681067137008612,-6.259520496359813,10.743262204797157,87.54347460689425,3.147625792426823,3.0,0.3212411080856861,1.0,0.0,0.0,0.0,1.0,0.0,0.0,0.0,1.0,0.0,0.0,0.0,34
-10.106621683907377,1.0950289487186113,94.33640245890479,3.1514206006076453,3.0,0.4347851037033816,-11.155748987023621,6.7891467006582005,99.51623800895716,4.455974975552191,3.0,0.8931151583296805,-9.395162745166754,9.284619924072283,91.31690614693731,4.015957982745634,3.0,0.27580291996496215,-8.646495103542398,10.789443991437349,87.9626188795301,1.704491812191951,3.0,0.2672178645372455,-6.254222750877993,10.740468487534969,87.53738650634867,3.1692984236519934,3.0,0.32123790121447265,1.0,0.0,0.0,0.0,1.0,0.0,0.0,0.0,1.0,0.0,0.0,0.0,35
-10.092214725647338,1.1116213122449878,94.3534486102726,3.2458542367837317,3.0,0.43478344692773274,-11.15150789501979,6.797902651355609,99.4897872097253,4.496556014987031,3.0,0.8965318694134347,-9.393581653684231,9.289835325211653,91.30409485950835,3.923862821916685,3.0,0.2827219704157006,-8.638639816750034,10.791392421778012,87.96546810802393,1.7416310251670843,3.0,0.2696046893831273,-6.271360366321013,10.742163691820965,87.53301180662703,3.1295310011041644,3.0,0.3212402542362205,1.0,0.0,0.0,0.0,1.0,0.0,0.0,0.0,1.0,0.0,0.0,0.0,36
-10.098467530257883,1.1061286962493007,94.34989338274744,3.1059907186317393,3.0,0.43478269481510345,-11.166952638355285,6.767457872386038,99.47772001989702,4.339302300822072,3.0,0.893912926877196,-9.408261940540354,9.275799548195712,91.30959831567517,3.9803798194376534,3.0,0.2773621449097787,-8.65149954911728,10.790074427372883,87.96140903040258,1.715291300882824,3.0,0.2677493947275352,-6.264366027892619,10.73142423057664,87.5367562158723,3.0514550830102714,3.0,0.32124163400532507,1.0,0.0,0.0,0.0,1.0,0.0,0.0,0.0,1.0,0.0,0.0,0.0,37
-10.083048020988448,1.1176985088346525,94.34323197451478,3.072922989385829,3.0,0.43478264186868354,-11.168128777271344,6.790705783205845,99.4784540342213,4.477424836818895,3.0,0.894469286532249,-9.386813859796202,9.301099574595428,91.32330198091722,3.9409579311913916,3.0,0.27846975902874954,-8.641220218065198,10.794864545366625,87.96225620518848,1.6973184671462003,3.0,0.26812896395576075,-6.258960596810709,10.746519649189723,87.54527748273864,3.1500082041674733,3.0,0.32124179091157595,1.0,0.0,0.0,0.0,1.0,0.0,0.0,0.0,1.0,0.0,0.0,0.0,38
-10.08758570534796,1.1023428684190357,94.34339708067489,3.163831225856935,3.0,0.43478328312416287,-11.17875965862481,6.779934711875462,99.44959556077032,4.375263687628607,3.0,0.8924690519013562,-9.405205440457909,9.287452400608798,91.30301242321026,3.9721142813740755,3.0,0.27456331858081884,-8.66330280910151,10.794747857930318,87.95495276191394,1.7167419498838745,3.0,0.2667979933832491,-6.273517060684646,10.750562362379275,87.52790589552953,3.1722228533616215,3.0,0.32123956820011723,1.0,0.0,0.0,0.0,1.0,0.0,0.0,0.0,1.0,0.0,0.0,0.0,39
-10.07472104852782,1.1095065695563326,94.38588391310857,3.1232724729361023,3.0,0.4347820997325126,-11.168217305832005,6.779911715694383,99.44267165162526,4.328691126263531,3.0,0.8935531867689182,-9.397710464914265,9.293326202724446,91.31692174588667,3.9695519202385063,3.0,0.2766545904675336,-8.66205159653388,10.78471426009127,87.95387980582902,1.64539402402204,3.0,0.26750789189139423,-6.279124810419375,10.751114114043858,87.52609026488749,3.1595203293792387,3.0,0.32124163983153364,1.0,0.0,0.0,0.0,1.0,0.0,0.0,0.0,1.0,0.0,0.0,0.0,40
-10.086590561439179,1.1148236521276629,94.37288218168177,3.1996992826216686,3.0,0.43478443988650595,-11.166116026699925,6.778721904759434,99.48541148875412,4.391266487679082,3.0,0.89298930898662,-9.404915145262178,9.284062202933834,91.30227414326079,3.9706661203790037,3.0,0.2755594081137558,-8.665664713148775,10.791269800029857,87.95884276568272,1.7015259769629314,3.0,0.26713537168165524,-6.276900612722979,10.74768607950316,87.53417088145527,3.1675375476941947,3.0,0.3212387460757962,1.0,0.0,0.0,0.0,1.0,0.0,0.0,0.0,1.0,0.0,0.0,0.0,41
-10.076661480591174,1.1192705994593888,94.381108127304,3.0843909327627697,3.0,0.4347810953030602,-11.178993199311448,6.775204324078752,99.46294559687136,4.4223465690382975,3.0,0.8918097696048946,-9.409615906477356,9.288673972251086,91.31848781165381,3.9742968582018285,3.0,0.27331997650584294,-8.671890126936882,10.79030488373559,87.9613101766725,1.6787907290861226,3.0,0.2663789931328524,-6.28558213565823,10.736566399608579,87.51342755762258,3.1082089786824287,3.0,0.3212425855822595,1.0,0.0,0.0,0.0,1.0,0.0,0.0,0.0,1.0,0.0,0.0,0.0,42
-10.063397899547407,1.1302888055563542,94.39173714012144,3.133488677628374,3.0,0.4347848042110203,-11.165720255662608,6.7823593642615965,99.51223009388666,4.426065889359432,3.0,0.8903547943744937,-9.425043114879863,9.28334941693948,91.31083676133332,3.9759641408106905,3.0,0.27064783718810914,-8.662383537284425,10.793230699612007,87.96896498642327,1.6533218213050238,3.0,0.2654863088312023,-6.277490549562968,10.738840836211061,87.53166058881506,3.155563777194871,3.0,0.3212378276476029,1.0,0.0,0.0,0.0,1.0,0.0,0.0,0.0,1.0,0.0,0.0,0.0,43
-10.052113114104536,1.128063541326286,94.38348929468283,3.1293131103841607,3.0,0.434782360585529,-11.186586231308814,6.764593961843036,99.49182201745081,4.495533543506565,3.0,0.8881190490676031,-9.413729814395895,9.285540496307727,91.30419651378901,3.9402958231683267,3.0,0.2667247618803026,-8.674257133429954,10.791644434644747,87.95605240372389,1.6640061199884144,3.0,0.264194156453847,-6.296405016680818,10.742520703573797,87.52005437746702,3.1921799880554516,3.0,0.3212400843866318,1.0,0.0,0.0,0.0,1.0,0.0,0.0,0.0,1.0,0.0,0.0,0.0,44
-10.08196129684187,1.105541604968919,94.35520392127644,3.182932355387527,3.0,0.4347806838132635,-11.173038429710564,6.771811553594986,99.46818936186129,4.486668506680044,3.0,0.8905918829444207,-9.40771947510758,9.306536982646367,91.31289931546686,3.9217635238646813,3.0,0.27107661261608346,-8.665838035067441,10.795666067109003,87.9616060541884,1.661297704975602,3.0,0.2656288783746107,-6.282888729138619,10.735648573748861,87.51919216011683,3.139206449734593,3.0,0.3212401949924994,1.0,0.0,0.0,0.0,1.0,0.0,0.0,0.0,1.0,0.0,0.0,0.0,45
-10.079042238227595,1.128545698210582,94.38435154969082,3.190560649600124,3.0,0.43478360978963493,-11.175906991128103,6.763659157448599,99.45201354505113,4.37106608862418,3.0,0.892779127155195,-9.41937102211959,9.292304716673325,91.30160525530957,3.977286884187542,3.0,0.2751558550150758,-8.674109765940472,10.799782891333548,87.95825838590024,1.712014395447427,3.0,0.266998314147487,-6.288625299647297,10.741591538271425,87.51295577746644,3.1340844266989425,3.0,0.3212401705074496,1.0,0.0,0.0,0.0,1.0,0.0,0.0,0.0,1.0,0.0,0.0,0.0,46
-10.070802066197773,1.121928451062906,94.37142798376703,3.185441643821555,3.0,0.43478406800054814,-11.184959130125437,6.786347671131182,99.47634538624975,4.445030492283244,3.0,0.8889226054128393,-9.427881014228529,9.291196181910232,91.3043266339271,4.003777302208786,3.0,0.2681104177051916,-8.681048867568503,10.796700814808569,87.96721661080582,1.655210845538357,3.0,0.2646480095304201,-6.290696308772069,10.738033104557571,87.5262244677141,3.1434366571468213,3.0,0.32123929351771424,1.0,0.0,0.0,0.0,1.0,0.0,0.0,0.0,1.0,0.0,0.0,0.0,47
-10.106669545868229,1.1089440610893317,94.34515919681647,3.1630380114431866,3.0,0.4347839336004505,-11.180757187910718,6.7676876504883605,99.46150848697117,4.555406937777737,3.0,0.8871842579730869,-9.415978155742454,9.292467867920278,91.31273418020639,3.988541706952161,3.0,0.265145932021911,-8.676227461241155,10.798153693117886,87.96383992428677,1.6687092944766164,3.0,0.263680315735015,-6.291762200734749,10.737907077088256,87.52026707288867,3.135746645766467,3.0,0.32123856117578015,1.0,0.0,0.0,0.0,1.0,0.0,0.0,0.0,1.0,0.0,0.0,0.0,48
-10.099652769862733,1.1177791715295289,94.38285459004611,3.0682826857408307,3.0,0.43478322692775073,-11.180610384045055,6.7796121487776,99.49871113546236,4.368175186993912,3.0,0.8870078708054355,-9.413094558557864,9.298200106903236,91.33172774562402,3.9866574826509367,3.0,0.2648520232030741,-8.677692239620677,10.79638443218664,87.97840104854563,1.6973810612943574,3.0,0.2635850006858994,-6.297786573522119,10.733168136900858,87.52107557820997,3.111050801182717,3.0,0.3212384140527437,1.0,0.0,0.0,0.0,1.0,0.0,0.0,0.0,1.0,0.0,0.0,0.0,49
-10.08815332311843,1.1309486817957966,94.38191250396358,3.2389825062436315,3.0,0.4347811766293134,-11.179345579493773,6.7884990188864585,99.4659697031863,4.480341710634289,3.0,0.8895225699452423,-9.418175600345927,9.287930914172176,91.3075267245136,4.039345475776763,3.0,0.2691625130906109,-8.674753560302479,10.798053043978591,87.97041258357226,1.6994976252325709,3.0,0.2649945015753858,-6.293156333892635,10.735032196065283,87.52487170598711,3.0740582975616646,3.0,0.32124352760341324,1.0,0.0,0.0,0.0,1.0,0.0,0.0,0.0,1.0,0.0,0.0,0.0,50
-10.075171294575274,1.1298225066664325,94.3493447187115,3.1905706355058783,3.0,0.43478359570382236,-11.17223359158177,6.775110159970328,99.45502195100555,4.501504587830616,3.0,0.8849322199800062,-9.418123087232631,9.291613951573932,91.32522233450096,4.035348208393857,3.0,0.2614816968099897,-8.676561500259304,10.79960792120284,87.97656942853557,1.6862770680240544,3.0,0.2625009632404562,-6.285408064932476,10.725359354675922,87.51754117325851,3.1470137562174365,3.0,0.3212398577604081,1.0,0.0,0.0,0.0,1.0,0.0,0.0,0.0,1.0,0.0,0.0,0.0,51
-10.075017321597187,1.1397946961815852,94.40382841029336,3.1897386143161364,3.0,0.43478595046885804,-11.170490289445814,6.776480624157367,99.45583386598618,4.420448657900232,3.0,0.8823441216737037,-9.417154537529568,9.302181425609165,91.31852853792839,3.984939811770944,3.0,0.257496263431184,-8.67853902962502,10.795034548859384,87.9630381405999,1.692023326486258,3.0,0.2612391340849896,-6.300866256544785,10.742413217600769,87.51532018058786,3.142885237778378,3.0,0.32123571848289284,1.0,0.0,0.0,0.0,1.0,0.0,0.0,0.0,1.0,0.0,0.0,0.0,52
-10.086193546819306,1.1175405301470587,94.36756818207303,3.1497994347271963,3.0,0.43478435666782395,-11.172757732310702,6.7822264158063295,99.45634248448246,4.447668128473419,3.0,0.8802087027101686,-9.415502027823974,9.294279432264135,91.33352386506652,4.056058333621571,3.0,0.2543755837116457,-8.676522567736347,10.795608951452305,87.97153698419605,1.707682409423459,3.0,0.2602658856793133,-6.295218645100967,10.734384771394415,87.512851138677,3.1601865585233324,3.0,0.32123863548284887,1.0,0.0,0.0,0.0,1.0,0.0,0.0,0.0,1.0,0.0,0.0,0.0,53
-10.086765342818225,1.1169380708166214,94.35544950487697,3.204826458941936,3.0,0.43478492132415775,-11.159922046621924,6.7781442467550805,99.47215266494443,4.505377460867116,3.0,0.8840464670809961,-9.403129196131513,9.299735751981354,91.32324590274543,4.004504141818045,3.0,0.2600916635260432,-8.67207719296004,10.802295844514376,87.96921263452573,1.6961414006043818,3.0,0.262058357522986,-6.289555005565879,10.73505833961113,87.51075616385387,3.113738583527104,3.0,0.3212377190159732,1.0,0.0,0.0,0.0,1.0,0.0,0.0,0.0,1.0,0.0,0.0,0.0,54
-10.085555963886884,1.1111029245066157,94.34759655182711,3.151070323309701,3.0,0.4347851302855303,-11.177879582105788,6.774363772115509,99.45720287246503,4.451715150240546,3.0,0.8865785113244482,-9.411142767856758,9.307708482220999,91.32871754319963,3.985775069194546,3.0,0.26414141709426026,-8.670371226300505,10.800615912851146,87.98079136215479,1.6962890524271392,3.0,0.26335516095112105,-6.295820651712513,10.736277565255113,87.5069297831349,3.1092184240252316,3.0,0.32123717234222143,1.0,0.0,0.0,0.0,1.0,0.0,0.0,0.0,1.0,0.0,0.0,0.0,55
-10.084259371484826,1.1089962469119043,94.36827804145439,3.055651891243739,3.0,0.4347835159475658,-11.168770916427,6.771446631184896,99.47534052432653,4.5237346463424,3.0,0.8860052905130643,-9.406081224706163,9.295937497610517,91.33247525907407,4.01327546867421,3.0,0.2632039829398216,-8.672173655892284,10.807471416147694,87.9801876463111,1.7237800857046517,3.0,0.2630529221562687,-6.293950339817733,10.733686432913526,87.51597232215907,3.1195320933922974,3.0,0.32123879596538285,1.0,0.0,0.0,0.0,1.0,0.0,0.0,0.0,1.0,0.0,0.0,0.0,56
-10.063700947220703,1.1236744736853979,94.36485835785885,3.093080194031444,3.0,0.4347834260370358,-11.147100464494963,6.783095595868594,99.4542278949147,4.486997246809935,3.0,0.8870850949585058,-9.408367567621823,9.29737291687584,91.33098465940161,4.013995917985831,3.0,0.2649812291671665,-8.662100712113673,10.802269908767247,87.9851425934736,1.7108613851332555,3.0,0.26362660155499,-6.28388168020389,10.734658371775403,87.52729869634862,3.148545002786527,3.0,0.32124035815560675,1.0,0.0,0.0,0.0,1.0,0.0,0.0,0.0,1.0,0.0,0.0,0.0,57
-10.081784849781904,1.1209376232866173,94.33351269245836,3.200802726241349,3.0,0.43478320202226095,-11.148761627946088,6.799978326561126,99.463544433943,4.4331744753045825,3.0,0.8847055856120902,-9.408830046635124,9.300188968114018,91.31739277148873,4.01592269898159,3.0,0.26112352591875343,-8.668213134332031,10.805444697676645,87.97730731232906,1.7206921914055766,3.0,0.26238660314926393,-6.286486608507305,10.729224989849868,87.51663262075488,3.1542960098575166,3.0,0.3212404881225964,1.0,0.0,0.0,0.0,1.0,0.0,0.0,0.0,1.0,0.0,0.0,0.0,58
-10.063540482459867,1.116445740222395,94.37290372692412,3.161748124297366,3.0,0.43478049131665875,-11.15623701368271,6.791725016433959,99.4948271376376,4.428889178811423,3.0,0.885751427871249,-9.423779651340775,9.309050186625548,91.3148944419995,3.9869762587597233,3.0,0.26279278266617645,-8.663932356327509,10.805392461250122,87.99073889633398,1.6968619486320937,3.0,0.26292072989966253,-6.288576104380285,10.73960807069489,87.53014719974301,3.1508503349102743,3.0,0.32124282087956635,1.0,0.0,0.0,0.0,1.0,0.0,0.0,0.0,1.0,0.0,0.0,0.0,59
-10.080093756210612,1.1055890126652368,94.31580418291604,3.2570562591764762,3.0,0.43478802448337067,-11.142942908000308,6.756006376537816,99.46295844141262,4.572387455375067,3.0,0.886451720212663,-9.420096517358486,9.303699534270079,91.31908692965014,4.020096197665038,3.0,0.2639329474069545,-8.66991611161048,10.803776723735188,87.98228207064174,1.6857269471323912,3.0,0.26328784093288127,-6.2917789101517165,10.735692830173557,87.51000742536064,3.1733955454400458,3.0,0.3212327631008305,1.0,0.0,0.0,0.0,1.0,0.0,0.0,0.0,1.0,0.0,0.0,0.0,60
-10.085907056512776,1.1317724910429114,94.3467129322225,3.24985192677545,3.0,0.43478295273280254,-11.110982596944844,6.72682407858337,99.52879237735338,4.301764046832118,3.0,0.8888080402429824,-9.429808869441578,9.29754167016676,91.31426614200882,4.0630622410009956,3.0,0.2679116663412759,-8.669877173331908,10.806179326802663,87.98587132150364,1.724459428621179,3.0,0.26458254314600244,-6.2906350827025665,10.73437283537401,87.50945447381196,3.143776813671329,3.0,0.3212411443912148,1.0,0.0,0.0,0.0,1.0,0.0,0.0,0.0,1.0,0.0,0.0,0.0,61
-10.089022652948248,1.1340475143668947,94.36716795909567,3.1666431476829,3.0,0.43478300863716984,-11.144124563481864,6.777848546302431,99.49124135743817,4.464718052257559,3.0,0.8860063912927948,-9.426740954174557,9.29014533806425,91.31958658067627,4.045606020799857,3.0,0.26320594932372177,-8.670960950118019,10.797715585239994,87.98388494736514,1.689675840246222,3.0,0.26305348790582356,-6.301701969080623,10.728579093189825,87.51706255556905,3.1060221895305467,3.0,0.321240916011013,1.0,0.0,0.0,0.0,1.0,0.0,0.0,0.0,1.0,0.0,0.0,0.0,62
-10.103941353531594,1.1015887166940104,94.31352566292598,3.1389126836546044,3.0,0.43478639063433805,-11.141736843322006,6.756701271707237,99.49746281902856,4.503471619745426,3.0,0.8853251368861763,-9.425595277322083,9.288724345068575,91.3201527455371,4.093846265433062,3.0,0.26210770413111134,-8.674402140417873,10.796248212000318,87.98633274859044,1.7252839838622365,3.0,0.26270100378959477,-6.29816655074562,10.733221710634387,87.51206423965705,3.169986277263826,3.0,0.3212358176899493,1.0,0.0,0.0,0.0,1.0,0.0,0.0,0.0,1.0,0.0,0.0,0.0,63
-10.073473510100495,1.121147923188569,94.37699140412313,3.153200318469283,3.0,0.4347843655249365,-11.12031101192123,6.7409257461596175,99.58604241678094,4.411251356395009,3.0,0.8853379182028412,-9.425129429817636,9.296571208486549,91.31813028203864,3.99309775749258,3.0,0.2621279876747128,-8.680929213856594,10.798692278523884,87.98610454217922,1.7406952363773442,3.0,0.26270757269338757,-6.308642213012583,10.737028983371477,87.51900532624953,3.200273636606546,3.0,0.3212392354589944,1.0,0.0,0.0,0.0,1.0,0.0,0.0,0.0,1.0,0.0,0.0,0.0,64
-10.08999061744338,1.1117877483022596,94.37854411226157,3.12793143685713,3.0,0.43478344440988786,-11.144574389921583,6.772584148099717,99.52488543818062,4.430238040753886,3.0,0.880159428744474,-9.426256935718849,9.295906447151841,91.33301963821535,3.9699410661170487,3.0,0.2543054191773491,-8.679877104209954,10.798780943331874,87.98615410111623,1.7185956357053354,3.0,0.26024413838672733,-6.329021375211071,10.747357755413931,87.49128022846112,3.134824952238681,3.0,0.32124073381874124,1.0,0.0,0.0,0.0,1.0,0.0,0.0,0.0,1.0,0.0,0.0,0.0,65
-10.106874701756766,1.0977700861577648,94.36701243014541,3.207998147892225,3.0,0.4347859383145147,-11.15785315353116,6.779415250036281,99.5149587008794,4.498978572101357,3.0,0.8812696646175262,-9.422045530067962,9.294557520361352,91.32724411181357,3.970077305566484,3.0,0.2559081857061824,-8.682008394733575,10.800975336922326,87.98483731019883,1.7105781849622337,3.0,0.26074219452755026,-6.298578076704819,10.738709448425348,87.5255080387601,3.203222388367605,3.0,0.32123621914095163,1.0,0.0,0.0,0.0,1.0,0.0,0.0,0.0,1.0,0.0,0.0,0.0,66
-10.092437077820703,1.1212204470633842,94.38687002178405,3.151388342770639,3.0,0.43478348529925864,-11.16015907779227,6.768857294139155,99.5178296903254,4.548232188597186,3.0,0.8829422617241272,-9.426079239773228,9.282433688289048,91.33524242234091,3.947193501461791,3.0,0.25839719258855887,-8.675636116727897,10.798999518056538,87.9890927828514,1.73455737338036,3.0,0.26152243688138144,-6.3063059547987255,10.738941474286529,87.50834042778003,3.1235832819107068,3.0,0.32124066368133875,1.0,0.0,0.0,0.0,1.0,0.0,0.0,0.0,1.0,0.0,0.0,0.0,67
-10.093805081948643,1.0957691713740059,94.38251067014691,3.1329564858809236,3.0,0.4347883094237204,-11.145324053555438,6.762768638830848,99.52485320383944,4.597651123652955,3.0,0.8830656753584563,-9.431069421292396,9.278150653635413,91.33696774625463,3.98410285493903,3.0,0.2585842179702641,-8.678029505839445,10.793671699073856,87.98899992296822,1.7084154427318439,3.0,0.26158154458012334,-6.30007207088948,10.73717595525336,87.51962732479232,3.1620312314636956,3.0,0.3212320590475462,1.0,0.0,0.0,0.0,1.0,0.0,0.0,0.0,1.0,0.0,0.0,0.0,68
-10.093677741339883,1.1013747828656013,94.3757774711781,3.120976825771701,3.0,0.4347877652581327,-11.151249818233817,6.766718937391794,99.55272118629988,4.474308025231259,3.0,0.8805163329224053,-9.433302676132723,9.276857571476642,91.32094513440987,3.9638827341745824,3.0,0.25481628200345946,-8.678380680435417,10.790315181797851,87.98489919477892,1.7488898333296452,3.0,0.26040261514224633,-6.30606831391949,10.73094662967911,87.51236731074292,3.1511483970710406,3.0,0.32123297429788844,1.0,0.0,0.0,0.0,1.0,0.0,0.0,0.0,1.0,0.0,0.0,0.0,69
-10.103772414030985,1.1032951457138036,94.411291452402,3.1373647777648066,3.0,0.43478635347061273,-11.157392484055602,6.771314179345447,99.51154768673933,4.360440902213079,3.0,0.8819098132007236,-9.43360685190531,9.276289719605765,91.33010303932706,3.9915196089392992,3.0,0.25684955249124564,-8.680861726443705,10.786141403577124,87.99114724886189,1.7242618447073996,3.0,0.2610364633650334,-6.308925618663814,10.738857455539952,87.5162685869983,3.15989711377977,3.0,0.32123532778157715,1.0,0.0,0.0,0.0,1.0,0.0,0.0,0.0,1.0,0.0,0.0,0.0,70
-10.102811522445576,1.1266885381422216,94.41739992279338,3.114510303709812,3.0,0.4347868110289715,-11.165653968117686,6.76568939968519,99.52461365206541,4.435723297802295,3.0,0.8803669298360016,-9.436988799657914,9.281104862056003,91.34880541154725,3.9775297703509094,3.0,0.2546019034059419,-8.69247543134581,10.789591501297426,87.98302236730106,1.6730490121014798,3.0,0.26033609910438915,-6.309220144447027,10.750810267765164,87.51212352459116,3.2085666118385845,3.0,0.3212343436433241,1.0,0.0,0.0,0.0,1.0,0.0,0.0,0.0,1.0,0.0,0.0,0.0,71
-10.134947596581153,1.080131188658801,94.35847910600428,3.144536042596844,3.0,0.4347859696324543,-11.174023582719204,6.7587742486815285,99.54380294598288,4.456601219591695,3.0,0.885083716958546,-9.43338014813812,9.282089486865333,91.34325852443165,3.956930443469874,3.0,0.26172231879765384,-8.684207901540793,10.791990845379475,87.98897577291592,1.73103988289159,3.0,0.2625778188085684,-6.332983342397383,10.750526731157949,87.50997296244881,3.0550386589194303,3.0,0.3212362604595499,1.0,0.0,0.0,0.0,1.0,0.0,0.0,0.0,1.0,0.0,0.0,0.0,72
-10.123314955258346,1.1202149656878382,94.36720102434192,3.1501080823379337,3.0,0.4347860529846981,-11.18573210313079,6.76269071364803,99.51101507794093,4.406861104871466,3.0,0.8827406124432039,-9.445844921490881,9.274620463931688,91.3123578568243,4.0043420021915574,3.0,0.2580923154364206,-8.695760757498046,10.7897728045986,87.97226081816336,1.7040837142566978,3.0,0.2614263703119735,-6.302057352407137,10.742894443242808,87.52301963948709,3.1743086479513667,3.0,0.32123627884103484,1.0,0.0,0.0,0.0,1.0,0.0,0.0,0.0,1.0,0.0,0.0,0.0,73
-10.107417602729027,1.1226083878624846,94.39179534633361,3.1695228497585695,3.0,0.4347857226461412,-11.170772047862641,6.770640659836634,99.53872925666202,4.443024040270012,3.0,0.8852795620472386,-9.438527991669357,9.285099489066706,91.31774990596044,3.9525298665142476,3.0,0.2620346385797703,-8.69382726425652,10.79505571065366,87.96767565947823,1.7581533815215968,3.0,0.2626777056040753,-6.307887558043357,10.739639191339553,87.52262081508212,3.137647125002353,3.0,0.32123699207694445,1.0,0.0,0.0,0.0,1.0,0.0,0.0,0.0,1.0,0.0,0.0,0.0,74
-10.127396410734105,1.1018528408492523,94.36887475591611,3.0892516885996275,3.0,0.4347848767297537,-11.179111980652426,6.746944596399233,99.4738895538286,4.3784479361114235,3.0,0.8853277646557226,-9.445735315635181,9.276600302314016,91.31946739200487,3.948160863582089,3.0,0.26211150663245486,-8.695910373668687,10.786603433851539,87.98227039342584,1.7228385088120122,3.0,0.2627023611416818,-6.327534034060203,10.758957557403363,87.51073472995112,3.106423744113373,3.0,0.32123818930890813,1.0,0.0,0.0,0.0,1.0,0.0,0.0,0.0,1.0,0.0,0.0,0.0,75
-10.124872018990443,1.1003592638032607,94.35179363837578,3.0084491554092865,3.0,0.43478375126639224,-11.19750465067528,6.767857265702133,99.57421500022309,4.405045029712444,3.0,0.8824514737166003,-9.445422937222226,9.286644123462514,91.33727710046522,3.9210211221219873,3.0,0.25765738784422415,-8.698404924708745,10.789093714928583,87.98291845588963,1.6920148463354252,3.0,0.2612896242876085,-6.33495350938666,10.757251101597989,87.51090620574257,3.1089061986233433,3.0,0.3212397715807164,1.0,0.0,0.0,0.0,1.0,0.0,0.0,0.0,1.0,0.0,0.0,0.0,76
-10.129258358880453,1.1036135988477986,94.36714607500785,3.095315873117034,3.0,0.43478407643619904,-11.195511295408583,6.749023306861446,99.50145360198493,4.407819620702775,3.0,0.8844484196282532,-9.444678732442044,9.275345998853917,91.31706746398802,3.9566010725390335,3.0,0.2607190507169752,-8.699482863270429,10.789265189537367,87.97102455736706,1.6905310982669304,3.0,0.26225776906552956,-6.3082019501036175,10.74380297514301,87.52484798263633,3.155679988598626,3.0,0.3212398369020189,1.0,0.0,0.0,0.0,1.0,0.0,0.0,0.0,1.0,0.0,0.0,0.0,77
-10.13595238936969,1.0958415420070136,94.38764340647174,3.040169029643,3.0,0.43478813345856054,-11.2026927576843,6.743666232890059,99.50284881921188,4.3783628172360585,3.0,0.8804078276737344,-9.458133622565944,9.274910816612636,91.32479224020446,3.966363597950849,3.0,0.2546606503508289,-8.709362279722994,10.79153200641815,87.97836874089155,1.700408060313083,3.0,0.2603542443864604,-6.340140894686672,10.751997502607427,87.50852599667152,3.092374308887043,3.0,0.32123214586851195,1.0,0.0,0.0,0.0,1.0,0.0,0.0,0.0,1.0,0.0,0.0,0.0,78
-10.12465554493396,1.110255636446894,94.39234839171945,3.064265700645455,3.0,0.434790370488197,-11.184901789743023,6.756350040082742,99.53048135796745,4.4385288228150195,3.0,0.8809502802810484,-9.455917187929458,9.271161910041913,91.3218011989259,3.976912921279587,3.0,0.25544314491451303,-8.71313570132674,10.80031750125293,87.97693308041525,1.6833492750797727,3.0,0.2605973125461377,-6.311953807231023,10.746589481039537,87.52785156954005,3.152695643709887,3.0,0.32122843901822634,1.0,0.0,0.0,0.0,1.0,0.0,0.0,0.0,1.0,0.0,0.0,0.0,79
-10.137052628676045,1.081983583256291,94.3549964161689,3.187921755867327,3.0,0.4347896333286834,-11.219331314216864,6.71812567532188,99.50946197575867,4.458779487645148,3.0,0.8777135298789727,-9.469799521679244,9.27468132795728,91.32074500050814,3.9511342130103984,3.0,0.25090598361305516,-8.717678655135728,10.781165991511124,87.96153012383931,1.6572111474081934,3.0,0.2591990426469544,-6.315519679819644,10.751931860896107,87.50880008161018,3.241720214091819,3.0,0.3212307708431673,1.0,0.0,0.0,0.0,1.0,0.0,0.0,0.0,1.0,0.0,0.0,0.0,80
-10.139596184840967,1.0848651629999837,94.3389465589132,3.1163479439188944,3.0,0.4347860646298596,-11.239977618890935,6.742171890554987,99.48353780746346,4.3714800590432645,3.0,0.8824899356319367,-9.471111194929875,9.270240153116406,91.30754425549729,3.9721591883433915,3.0,0.2577149011384448,-8.730988998191298,10.801122139668687,87.96725116344605,1.6023367598057154,3.0,0.2613077466849419,-6.340852641278239,10.759735138152376,87.49487983093272,3.1130438196208057,3.0,0.3212363509295256,1.0,0.0,0.0,0.0,1.0,0.0,0.0,0.0,1.0,0.0,0.0,0.0,81
-10.142338574133852,1.0957488038227026,94.34126168480444,3.097380994757039,3.0,0.4347873409255454,-11.237739933585903,6.740509450235096,99.5302350309912,4.560840148876109,3.0,0.8773332188019372,-9.465394232765778,9.27173326240442,91.30806378014881,3.969720529745478,3.0,0.25039336838855264,-8.725019349956664,10.800910593881616,87.97060334415524,1.6018056268737892,3.0,0.25904263791017484,-6.342313249213218,10.763535291544887,87.5038316454722,3.0727112795321303,3.0,0.32123395812071914,1.0,0.0,0.0,0.0,1.0,0.0,0.0,0.0,1.0,0.0,0.0,0.0,82
-10.159815550363211,1.089048610280654,94.35201350125989,3.118824586372401,3.0,0.434791330136031,-11.234842912983803,6.728973854689782,99.51123776555546,4.35687229369329,3.0,0.8744443780417921,-9.464544975740312,9.273245589671332,91.32218289882016,3.948698128572269,3.0,0.246625139443625,-8.723277643142467,10.78596062828106,87.95874955148844,1.6813612072759592,3.0,0.2579044185881551,-6.313654727165271,10.743824095109181,87.50627049221042,3.1971366472950407,3.0,0.3212274929803159,1.0,0.0,0.0,0.0,1.0,0.0,0.0,0.0,1.0,0.0,0.0,0.0,83
-10.14883189208579,1.1079684948199713,94.34286122430738,3.180387733470226,3.0,0.4347882993313624,-11.241368050377522,6.756055285155552,99.47398813697416,4.384568434422481,3.0,0.8837431257430599,-9.455805292011842,9.28579526415483,91.30246212487238,3.892752335563621,3.0,0.25962166977270407,-8.714100946010337,10.79616292440889,87.96122453986797,1.6634026142252119,3.0,0.26190944574893327,-6.309168416511604,10.751969335319723,87.51763292251913,3.1616557525424973,3.0,0.321232183610913,1.0,0.0,0.0,0.0,1.0,0.0,0.0,0.0,1.0,0.0,0.0,0.0,84
-10.17260678986124,1.08017876404408,94.3208469629524,3.0670988581614993,3.0,0.43479088488773204,-11.24171563560612,6.741571121032472,99.52844179445671,4.43777434413428,3.0,0.8747475821211296,-9.459071602085926,9.278933848500422,91.31347420634022,3.9391235218034386,3.0,0.24701057196295573,-8.717006243981828,10.80752140584343,87.96444011102355,1.5960386922108294,3.0,0.258019897336913,-6.316046598612813,10.749201170199907,87.50889231825842,3.1444919860712823,3.0,0.3212278231083951,1.0,0.0,0.0,0.0,1.0,0.0,0.0,0.0,1.0,0.0,0.0,0.0,85
-10.169391273243596,1.073774570234823,94.30346147026928,3.125925142494213,3.0,0.4347926858415749,-11.25662886799911,6.731629813320634,99.49366493431455,4.391363182715653,3.0,0.8731035734916024,-9.470260759559324,9.272895540778645,91.27835859309205,3.912776206419283,3.0,0.24495040338094726,-8.722041455628593,10.804299817644273,87.96177506711686,1.5693709001678267,3.0,0.2574043302591969,-6.314966878166912,10.751585347640864,87.50809302489029,3.1195245717256395,3.0,0.32122486199097333,1.0,0.0,0.0,0.0,1.0,0.0,0.0,0.0,1.0,0.0,0.0,0.0,86
-10.18808005215583,1.090395893337311,94.29367431021505,3.1346473359310494,3.0,0.43479163139956023,-11.268820172820824,6.723143894181652,99.47557467710374,4.410735488853625,3.0,0.8763770005189802,-9.467036446811075,9.273876600507819,91.27150502215403,3.970591445512,3.0,0.24912118353409526,-8.719549772556126,10.811339103215753,87.95511550514428,1.5668243391358418,3.0,0.2586562839502739,-6.342024982935574,10.758926474916088,87.49181674091942,3.0062785451310234,3.0,0.3212265110876208,1.0,0.0,0.0,0.0,1.0,0.0,0.0,0.0,1.0,0.0,0.0,0.0,87
-10.167029050559655,1.0927036343247223,94.33015975406832,3.112084381400407,3.0,0.4347905435294932,-11.281634523875768,6.736076091394171,99.49977879098442,4.262341164807402,3.0,0.8807633710100933,-9.472212166985651,9.289238831630364,91.29308191900495,3.9259584074608007,3.0,0.25517226328681697,-8.733869945731849,10.806869151575144,87.94177355265802,1.6057082255566666,3.0,0.2605131826605042,-6.347427119272044,10.75283382846046,87.49745943737501,2.950688434981711,3.0,0.32122835967794167,1.0,0.0,0.0,0.0,1.0,0.0,0.0,0.0,1.0,0.0,0.0,0.0,88
-10.190566461653432,1.0732661858673571,94.29119126056733,3.0811351955519686,3.0,0.43479390790297,-11.281253337506632,6.721964387035071,99.4755613435448,4.321539139666058,3.0,0.8851170619238465,-9.47521629205108,9.275884832459038,91.26742745909944,3.9311558906806217,3.0,0.2617753617601978,-8.742758705233374,10.806074710045447,87.92511119582284,1.5871068099352075,3.0,0.26259479485170073,-6.354332251642774,10.758244227815329,87.4835341381947,2.963293440335722,3.0,0.3212229904562847,1.0,0.0,0.0,0.0,1.0,0.0,0.0,0.0,1.0,0.0,0.0,0.0,89
-10.180224648656418,1.0763990348075656,94.2929628398531,3.1750627981875486,3.0,0.4347920924332552,-11.292315694163406,6.704747336434792,99.43776471841477,4.375170103770447,3.0,0.8880729487411887,-9.490456518632088,9.27600106455611,91.25194651177473,3.980866704279172,3.0,0.2666461169317015,-8.754112534093032,10.806180070003116,87.92014195281452,1.6505770573896068,3.0,0.2641684605112048,-6.3622921249356175,10.755087781972222,87.48790303398538,2.921752695526001,3.0,0.3212260602417093,1.0,0.0,0.0,0.0,1.0,0.0,0.0,0.0,1.0,0.0,0.0,0.0,90
-10.223694898571907,1.0540413551506849,94.30413562694626,3.159180982813831,3.0,0.43479374613619304,-11.311934315706713,6.723892704223935,99.41681383154712,4.340109162135648,3.0,0.8849005287767443,-9.50711054761149,9.275089261779502,91.24376716845939,3.9747072258376783,3.0,0.2614313413209079,-8.761973819952823,10.802178212366787,87.91784317916232,1.6289339415605983,3.0,0.26248493991063265,-6.369018535537794,10.753813229272689,87.48607946134395,2.9498901577754335,3.0,0.3212238666943074,1.0,0.0,0.0,0.0,1.0,0.0,0.0,0.0,1.0,0.0,0.0,0.0,91
-10.196544122601797,1.051188465951326,94.22057984848222,3.0590185105148215,3.0,0.4347932886163418,-11.315918141948401,6.730181158297165,99.45584336164727,4.268772557313324,3.0,0.8792314574989072,-9.511521125774568,9.282912387309064,91.26102552454361,3.972044100129422,3.0,0.2529951898937768,-8.765890643997613,10.802554715966345,87.91937370941525,1.6060497387709385,3.0,0.25983940819901447,-6.3780052268003455,10.760669066819185,87.47281824771542,2.9802628347443325,3.0,0.3212241915958269,1.0,0.0,0.0,0.0,1.0,0.0,0.0,0.0,1.0,0.0,0.0,0.0,92
-10.185879558528352,1.0682871460719272,94.24366999299363,3.1379562933426004,3.0,0.43479254663445005,-11.32902764982397,6.726283720655393,99.44863328083137,4.336382437315227,3.0,0.8809324378940341,-9.521029357709502,9.288482450763945,91.26492166495053,3.8838880194158953,3.0,0.2554175767135132,-8.769325894178355,10.811557478649886,87.93014501151914,1.6070092984073898,3.0,0.2605892281403575,-6.377357162831177,10.754842722346753,87.46400140334232,2.959024774495066,3.0,0.32122513973685957,1.0,0.0,0.0,0.0,1.0,0.0,0.0,0.0,1.0,0.0,0.0,0.0,93
-10.190870580384484,1.0591446859829938,94.26170943663486,3.168563655921883,3.0,0.43479300515566605,-11.322021787633117,6.709267353004028,99.43675004881759,4.38756961329916,3.0,0.8807401735466182,-9.521896786880342,9.281224649194538,91.24399777813427,3.9307762352624316,3.0,0.2551390399224748,-8.763498056414432,10.80693428022769,87.92096904629395,1.5993283812849919,3.0,0.2605026575068489,-6.371198408564449,10.761494326673985,87.46007863546812,2.9799826944398586,3.0,0.32122535035798644,1.0,0.0,0.0,0.0,1.0,0.0,0.0,0.0,1.0,0.0,0.0,0.0,94
-10.194744073035213,1.0437221993980461,94.23787161637836,3.08977782425343,3.0,0.4347939176722357,-11.329506485086451,6.702311111713285,99.40364739366966,4.403633362681442,3.0,0.8875655186963702,-9.525013736023169,9.29444457619553,91.23215395350799,3.9616081743061176,3.0,0.2657858187230047,-8.75787527326135,10.798926596325236,87.89417457643063,1.6309952043583795,3.0,0.26388806897795325,-6.344288580966528,10.744100744821774,87.47601078280807,3.048778399077061,3.0,0.32122308465242905,1.0,0.0,0.0,0.0,1.0,0.0,0.0,0.0,1.0,0.0,0.0,0.0,95
-10.197929974800665,1.0344577966457558,94.20776179714186,3.1336570170330518,3.0,0.43479677787898924,-11.336924045116021,6.711014670013889,99.37497535792063,4.5462071906089765,3.0,0.8925622267825069,-9.52056785519073,9.278668702870057,91.1899222315493,3.9632547125822435,3.0,0.27474153187410427,-8.759548056626356,10.795625015891472,87.87686375260708,1.6161416244092386,3.0,0.2668579453959004,-6.350279066898953,10.734712940331853,87.44753803467086,2.971681113733533,3.0,0.3212190693810816,1.0,0.0,0.0,0.0,1.0,0.0,0.0,0.0,1.0,0.0,0.0,0.0,96
-10.185652985926083,1.0546211025966348,94.20236039255144,3.146242695755913,3.0,0.43479427961201184,-11.329604462824012,6.7077946107068565,99.31567849341549,4.43390160161411,3.0,0.8920043731056155,-9.526504923487897,9.293363949741167,91.17788012626053,4.019937445986837,3.0,0.27368517874644993,-8.758727093767254,10.798905852033789,87.85718452401082,1.6129254699252245,3.0,0.26650166047457097,-6.369393450863558,10.745064944224719,87.40894174086755,2.909190094821151,3.0,0.3212232048343903,1.0,0.0,0.0,0.0,1.0,0.0,0.0,0.0,1.0,0.0,0.0,0.0,97
-10.187002827123951,1.052401749769287,94.22630555212638,3.0055853237050782,3.0,0.4347911436363401,-11.328258210245416,6.741161238584217,99.38516411179234,4.402950996069052,3.0,0.8945266641042728,-9.520551291860805,9.295370700631944,91.20088528028657,3.986765626832858,3.0,0.27858487442412183,-8.754909143029208,10.794159091718988,87.858859308642,1.6252817561821036,3.0,0.2681685498919059,-6.368436247158243,10.743752707223154,87.41511461967619,2.9624030827214143,3.0,0.3212281120399833,1.0,0.0,0.0,0.0,1.0,0.0,0.0,0.0,1.0,0.0,0.0,0.0,98
-10.196699546289459,1.0451868677980274,94.21295483880964,2.996355852581664,3.0,0.4347914310257461,-11.346750216405592,6.71378686608262,99.34981918748008,4.264617471440565,3.0,0.8907392225330802,-9.531868660326086,9.28940405004248,91.18933407674706,4.044497522643299,3.0,0.271344681972348,-8.768965798647447,10.786179475643872,87.85212637408735,1.6310344236745478,3.0,0.2657179579538747,-6.381723019684039,10.746004208100162,87.39547725260745,3.0090005541421747,3.0,0.3212274056790366,1.0,0.0,0.0,0.0,1.0,0.0,0.0,0.0,1.0,0.0,0.0,0.0,99
-10.184973573577722,1.041596486549917,94.09279699517832,2.8320599625998057,3.0,0.4347949974099946,-11.335514345283094,6.71224311369522,99.36911722921752,4.501365403583979,3.0,0.8912662939783892,-9.523714581152985,9.28988175526208,91.20529546212481,4.054763856445867,3.0,0.2723106670714022,-8.763642359306992,10.794655692413171,87.86328629845768,1.6387279353136606,3.0,0.26604047716369494,-6.380632478742929,10.743629356331072,87.40936335585134,2.936553217788861,3.0,0.3212215744761161,1.0,0.0,0.0,0.0,1.0,0.0,0.0,0.0,1.0,0.0,0.0,0.0,100
-10.210975690101309,1.0580426920238373,94.20420773618446,3.0682121982386783,3.0,0.43479388457225737,-11.34692409771461,6.713991251114172,99.40022414760794,4.282172838684748,3.0,0.8918535804930624,-9.528766996455795,9.29103993251027,91.21766630485297,4.024091875021927,3.0,0.27340241602721216,-8.77010106082591,10.797348245130657,87.875325576282,1.6478669791468519,3.0,0.2664064923880128,-6.382638709111736,10.748172389499729,87.4178604831173,2.942788871386855,3.0,0.3212231820105709,1.0,0.0,0.0,0.0,1.0,0.0,0.0,0.0,1.0,0.0,0.0,0.0,101
-10.196725250119052,1.0602871277151136,94.2235469763615,3.083724525256118,3.0,0.4347956243903367,-11.346143692481803,6.697801716727796,99.33698056702968,4.453242913366142,3.0,0.8933944835010039,-9.537219584649028,9.284070295564186,91.1994925346846,4.019360399611091,3.0,0.2763451824128182,-8.770368339053782,10.793522789372242,87.86772920601211,1.6426518139932453,3.0,0.26740226947117113,-6.379179066019325,10.743572255265088,87.41568526581612,2.9169808657796756,3.0,0.32122063896711833,1.0,0.0,0.0,0.0,1.0,0.0,0.0,0.0,1.0,0.0,0.0,0.0,102
-10.204306665506548,1.0483778797612995,94.19480603699945,3.1129365508953613,3.0,0.43479523726272756,-11.354280713385387,6.692075753528464,99.33083973379911,4.429810716165427,3.0,0.8923325171736615,-9.536912753332249,9.282330970912819,91.21310855412933,4.033825592737613,3.0,0.2743044269437695,-8.780060242724261,10.79798833993529,87.86377054735597,1.5583495231986433,3.0,0.26671041902012016,-6.387127791037734,10.749387973639061,87.41051323813942,2.9847539050371608,3.0,0.3212212989365424,1.0,0.0,0.0,0.0,1.0,0.0,0.0,0.0,1.0,0.0,0.0,0.0,103
-10.204737686186485,1.0532142945455352,94.1175338848091,2.7645095508653075,3.0,0.43479479985534836,-11.374742501458881,6.692857857706831,99.34484763661939,4.2967605264818385,3.0,0.8909582836142864,-9.544063329727006,9.29312033626885,91.20328884208398,3.987917198646519,3.0,0.27174478068368263,-8.779572230847247,10.793841312964851,87.86798169756939,1.6467183217503065,3.0,0.2658512847301957,-6.381085554976857,10.74924727357988,87.41779739658904,2.9886957605145525,3.0,0.32122196347447174,1.0,0.0,0.0,0.0,1.0,0.0,0.0,0.0,1.0,0.0,0.0,0.0,104
-10.225558659301075,1.0475904889762604,94.18936995068127,2.9846274443488867,3.0,0.4347941936181418,-11.343283915313728,6.72190338042834,99.35714792654038,4.39964487687251,3.0,0.8939132551423605,-9.5331525008771,9.291532878518854,91.20700620240807,4.088157067073589,3.0,0.2773634881894667,-8.780017187208497,10.806692467878028,87.87191822443481,1.6843274568770121,3.0,0.26774956875573896,-6.400752217046024,10.745025889138834,87.41328786800668,2.8776777455319382,3.0,0.3212225161669576,1.0,0.0,0.0,0.0,1.0,0.0,0.0,0.0,1.0,0.0,0.0,0.0,105
-10.20579584363052,1.0644826521398192,94.084353753419,2.812593059046376,3.0,0.43479430518320533,-11.343230162036255,6.692285360693962,99.31064725000638,4.456846322585512,3.0,0.8912584890029208,-9.534644417791524,9.290661698550098,91.2168328016752,4.052891735776186,3.0,0.27229636547785013,-8.7801537508281,10.801617673154368,87.87858942264134,1.6705632955366887,3.0,0.26603561972412504,-6.393281673941326,10.74511241204645,87.41565595177562,2.931390769786478,3.0,0.32122312356264127,1.0,0.0,0.0,0.0,1.0,0.0,0.0,0.0,1.0,0.0,0.0,0.0,106
-10.210352587480592,1.0307732420513716,94.07191368561762,2.7236276884237802,3.0,0.43479713209183507,-11.340209556518797,6.709422141657379,99.34143273187145,4.472550114550512,3.0,0.8899427105531218,-9.537554683884016,9.29727826962393,91.20138875473168,4.076196599510727,3.0,0.2699084775878392,-8.779612324592682,10.805135462017141,87.86777481717499,1.5920844706341544,3.0,0.2652411396094979,-6.396648989582261,10.745510884010823,87.41105496771311,2.937652911825225,3.0,0.3212188049259819,1.0,0.0,0.0,0.0,1.0,0.0,0.0,0.0,1.0,0.0,0.0,0.0,107
-10.218699091558673,1.0341476067387867,94.05205604144318,2.8270780505814272,3.0,0.4347968294918855,-11.346684314476724,6.710932382179037,99.33450670072361,4.4905688001285515,3.0,0.890450497359468,-9.549314929584824,9.292327697888446,91.18845478580124,4.127870871460732,3.0,0.2708205654314658,-8.781325267183131,10.8087822276136,87.86481111201758,1.6170242310774965,3.0,0.26554370318822834,-6.390332465533385,10.742839034908265,87.40384946621559,2.935833563262301,3.0,0.32121867091099865,1.0,0.0,0.0,0.0,1.0,0.0,0.0,0.0,1.0,0.0,0.0,0.0,108
-10.206287138476734,1.0357120707545833,94.04778520745496,2.8958490834792223,3.0,0.4347994544556989,-11.339085492846893,6.691703402206369,99.29522366239468,4.469026855655656,3.0,0.8900002984713403,-9.546277217883654,9.287655829675224,91.1653555066474,4.109032058465783,3.0,0.27001119613249436,-8.785174913560649,10.803021419721075,87.85617775679628,1.5910238972707633,3.0,0.26527517627125835,-6.394830395873511,10.747967676056216,87.3911292238107,3.0193858317020097,3.0,0.3212143301035017,1.0,0.0,0.0,0.0,1.0,0.0,0.0,0.0,1.0,0.0,0.0,0.0,109
-10.205470036965592,1.0476426208401992,94.06765394220574,2.8597077870741052,3.0,0.4347971469208808,-11.344787387378414,6.687411364041671,99.29092839442438,4.3847429749599565,3.0,0.8906480905090638,-9.537883722890552,9.297187337049195,91.16025596352415,4.1655775513381865,3.0,0.2711786361209019,-8.773573631177559,10.790449168725896,87.84269102000704,1.528358424349299,3.0,0.26566278816804056,-6.396725111364313,10.744922621150433,87.39310152877002,3.042148495253621,3.0,0.3212180112947042,1.0,0.0,0.0,0.0,1.0,0.0,0.0,0.0,1.0,0.0,0.0,0.0,110
-10.209795375330593,1.0395935557756957,94.04038586658997,2.92784981221725,3.0,0.4347979836694529,-11.338096442955669,6.680075856356999,99.21198998143187,4.436127122848348,3.0,0.8928104427892986,-9.543979583989557,9.28986392273207,91.13783882061837,4.122990645982214,3.0,0.27521539082554236,-8.775395444117965,10.7993281930751,87.83722200835011,1.549873035028064,3.0,0.2670186825823596,-6.390924307005548,10.737467398798493,87.38428856222426,3.027842080940576,3.0,0.3212171495049764,1.0,0.0,0.0,0.0,1.0,0.0,0.0,0.0,1.0,0.0,0.0,0.0,111
-10.201092277472261,1.0432199950755359,94.06203166907231,2.715091744348077,3.0,0.4347972169231601,-11.347116934194949,6.706730501329812,99.32754054730088,4.540262839867432,3.0,0.8905391701311702,-9.534850947852537,9.303833631378797,91.15643155709321,4.142243877517644,3.0,0.2709810099929667,-8.776103264765473,10.794786932224369,87.83206989249528,1.5722475473906607,3.0,0.26559708502768736,-6.392958313825231,10.73474363125268,87.3816520595178,3.009800468633559,3.0,0.3212181109233763,1.0,0.0,0.0,0.0,1.0,0.0,0.0,0.0,1.0,0.0,0.0,0.0,112
-10.194554425080977,1.0419241290239936,94.04886403429599,2.7610108215112525,3.0,0.4347984759644826,-11.338039768473614,6.681765339571906,99.3097990277434,4.439216976679802,3.0,0.890834301956738,-9.535164360268714,9.298347625070093,91.17261140461639,4.176784398422229,3.0,0.27151722837886627,-8.780988304870665,10.800783451636397,87.84628434016474,1.5728472031695662,3.0,0.26577577802105923,-6.38722650742772,10.733368564462475,87.38630440151081,3.043711654658823,3.0,0.3212158224163915,1.0,0.0,0.0,0.0,1.0,0.0,0.0,0.0,1.0,0.0,0.0,0.0,113
-10.208428513683163,1.030521796706341,94.04559991270985,2.710050355256024,3.0,0.4347977572827468,-11.347102522138158,6.704433497570181,99.302457797328,4.3794279918145484,3.0,0.8920219728591264,-9.531154510196357,9.29653284558939,91.17024740402094,4.1417246477376475,3.0,0.2737175497868465,-8.781444140257522,10.806943072759488,87.85086830998503,1.6000830472283114,3.0,0.2665128430559608,-6.38996595985214,10.736761810809114,87.40825641037519,3.0162934943650317,3.0,0.3212173102940459,1.0,0.0,0.0,0.0,1.0,0.0,0.0,0.0,1.0,0.0,0.0,0.0,114
-10.196348757795331,1.0342824693786943,94.04307007139688,2.6946139785478387,3.0,0.4347951917964508,-11.345432846483748,6.695430010095709,99.33917248310135,4.424987195905385,3.0,0.8879588904480865,-9.53659552900835,9.291998695542537,91.19305078749508,4.101162952603532,3.0,0.26645120959570806,-8.774186390582786,10.813121845787858,87.87318637691564,1.6151868871477524,3.0,0.26410504625568343,-6.391228138393498,10.731864269263065,87.40610225138843,2.9376039449613924,3.0,0.3212213246756272,1.0,0.0,0.0,0.0,1.0,0.0,0.0,0.0,1.0,0.0,0.0,0.0,115
-10.204142584263295,1.0369951919521947,94.03786567926227,2.7252004192574013,3.0,0.4347979942344995,-11.350831621639559,6.67672169664575,99.27602952825771,4.479292093926169,3.0,0.890047258759286,-9.547987191051126,9.292646085533327,91.17787234130972,4.110523816883584,3.0,0.2700949921464258,-8.783054902298334,10.808290873964632,87.86032858380277,1.6178784450267,3.0,0.2653029776584426,-6.397036363411266,10.726608383381404,87.40565270171105,3.006026163623902,3.0,0.3212164814989056,1.0,0.0,0.0,0.0,1.0,0.0,0.0,0.0,1.0,0.0,0.0,0.0,116
-10.198354268943953,1.050756939023841,94.05406795760281,2.6262334310799047,3.0,0.4347974565638408,-11.352280332528803,6.672649466346956,99.22643812152332,4.2577595362290515,3.0,0.8902346814775203,-9.549487036764214,9.286691420987284,91.16821111757231,4.164928393492199,3.0,0.2704313273075903,-8.784493749517484,10.800144506015226,87.85559137601169,1.599869832071805,3.0,0.26541448639879117,-6.3867998188479636,10.740816753817029,87.40978031265672,3.029837427958583,3.0,0.3212173244762581,1.0,0.0,0.0,0.0,1.0,0.0,0.0,0.0,1.0,0.0,0.0,0.0,117
-10.225739754908222,1.0277021173944547,94.03949749989077,2.651664735490101,3.0,0.43479964765719664,-11.352409331655473,6.702047738782327,99.28758844575495,4.477751052214269,3.0,0.8862398668253834,-9.553527304984495,9.28995101215539,91.14275738076127,4.175268787187898,3.0,0.26358551772530986,-8.780874191205768,10.798926224513377,87.83971356906706,1.5625998544354511,3.0,0.2631759736107855,-6.394675486741715,10.740256034257772,87.40168080934187,3.008154546138217,3.0,0.3212147370809485,1.0,0.0,0.0,0.0,1.0,0.0,0.0,0.0,1.0,0.0,0.0,0.0,118
-10.21404749301841,1.0310633278748755,94.06027659395293,2.6140124228443993,3.0,0.4347971085592682,-11.352063692702036,6.66205621244547,99.21747240335557,4.3562842147471015,3.0,0.8873770052350016,-9.549871794856717,9.285821222569849,91.15468672725581,4.175683031186504,3.0,0.26546849846733633,-8.784215556127489,10.798514983852836,87.84711803445867,1.6765741048918263,3.0,0.26378499411359013,-6.393318401940479,10.744034756926887,87.40288205434037,2.9880350271354676,3.0,0.3212185887572517,1.0,0.0,0.0,0.0,1.0,0.0,0.0,0.0,1.0,0.0,0.0,0.0,119
-10.21435039141635,1.0166161540462835,94.0310812220006,2.5479607574523313,3.0,0.4347977888872041,-11.3612088926093,6.644007483641424,99.16696119468945,4.396467071143676,3.0,0.8852428500286984,-9.548111921968113,9.276612186589187,91.13626028649836,4.195907452095661,3.0,0.26197519164699806,-8.772649294089298,10.794631654047416,87.82598661425547,1.5730136658372207,3.0,0.2626589419160878,-6.395820989672646,10.735959472318449,87.39553931991699,3.0071536595921553,3.0,0.321217469157233,1.0,0.0,0.0,0.0,1.0,0.0,0.0,0.0,1.0,0.0,0.0,0.0,120
-10.22074204153988,1.019861200345354,94.02238535078267,2.594757813523971,3.0,0.43479587991762886,-11.368889516834177,6.661522256432809,99.20705845144721,4.261883618461334,3.0,0.8866598814559334,-9.555329244249721,9.279681853081243,91.13478787202071,4.223302181721422,3.0,0.26427472931921764,-8.782097334326767,10.785898627198053,87.81466180884883,1.5806499703889976,3.0,0.26339846969120395,-6.401367466971299,10.737478209785808,87.38956865518853,3.035680399980528,3.0,0.3212202665614548,1.0,0.0,0.0,0.0,1.0,0.0,0.0,0.0,1.0,0.0,0.0,0.0,121
-10.183963212967031,1.0316157027167623,94.03994898775264,2.6490090456665762,3.0,0.4347973475067674,-11.33012751279107,6.668201205973752,99.20191330620546,4.400298214296066,3.0,0.8917367408934204,-9.549427954313726,9.28471110319514,91.1293822492697,4.215792892977335,3.0,0.2731830960833925,-8.785270288317676,10.786556873815268,87.81750227881957,1.5324834127247007,3.0,0.2663331483192956,-6.399523023689296,10.74474704437685,87.39809596431512,3.003357395689443,3.0,0.32121854253309634,1.0,0.0,0.0,0.0,1.0,0.0,0.0,0.0,1.0,0.0,0.0,0.0,122
-10.198358257960756,1.0180425853429405,94.00661950090768,2.639048848275777,3.0,0.4347954420699294,-11.341370851031352,6.643573698792355,99.17683818185219,4.311225883139405,3.0,0.8919947611772762,-9.539324193479736,9.293039170794815,91.1413367379174,4.20934116005041,3.0,0.2736658262652241,-8.783233699299648,10.798305675964404,87.81372987606095,1.554329374336645,3.0,0.2664956766082823,-6.3966248614132475,10.740134687556353,87.39440243610797,3.017606176390831,3.0,0.3212213101926891,1.0,0.0,0.0,0.0,1.0,0.0,0.0,0.0,1.0,0.0,0.0,0.0,123
-10.184051286890861,1.0322224835054532,94.05335401247342,2.584383038101166,3.0,0.4347969311924209,-11.33849959022443,6.655023336911489,99.16561321563898,4.298687304189937,3.0,0.8913317734691103,-9.55007716366434,9.30021761404361,91.12555691915867,4.24539896864529,3.0,0.2724307367810908,-8.777565819411187,10.78868155944139,87.79793937066535,1.5200193384499652,3.0,0.2660810161531189,-6.4011070836889585,10.740157905413222,87.37715273586656,3.073932467348641,3.0,0.3212187788177711,1.0,0.0,0.0,0.0,1.0,0.0,0.0,0.0,1.0,0.0,0.0,0.0,124
-10.155686386899603,1.0447216043725338,94.02037677436746,2.896039690744368,3.0,0.4347964972340969,-11.313942407504427,6.666107410616731,99.12506947175768,4.426660621112014,3.0,0.8891877110627888,-9.549496921935939,9.301854891045112,91.10210290439413,4.2281387514089666,3.0,0.2685728118335939,-8.772024445556113,10.795717696004496,87.79878196866818,1.5094177747083906,3.0,0.26480039275826933,-6.39257801859459,10.733888540362601,87.38052247945086,2.9603895066311154,3.0,0.32121950278887595,1.0,0.0,0.0,0.0,1.0,0.0,0.0,0.0,1.0,0.0,0.0,0.0,125
-10.122183691267415,1.059114713992977,94.03298370040073,2.7963446046186213,3.0,0.4347954670793381,-11.320432366957982,6.687977164742977,99.05717074969635,4.4868702605124104,3.0,0.8904588019240713,-9.530803992301205,9.308895829649867,91.04285727266573,4.178128433213415,3.0,0.270835262563639,-8.752352028031403,10.778456008768446,87.7574550812511,1.471182836308319,3.0,0.2655487868371151,-6.356545707415025,10.74053097233095,87.32611636622444,3.1689999221390726,3.0,0.3212210819051849,1.0,0.0,0.0,0.0,1.0,0.0,0.0,0.0,1.0,0.0,0.0,0.0,126
-10.156176233020743,1.0609987497026632,93.94316727982351,2.9748117316500466,3.0,0.4347995889501388,-11.312791493768616,6.665292540549468,99.01047820924413,4.545062549957554,3.0,0.8897323108927245,-9.478598673838466,9.29630105462956,90.9629676124745,4.338148324504362,3.0,0.2695330376510986,-8.715618084044452,10.764144105691319,87.71068472648565,1.3887940288339242,3.0,0.2651173552619522,-6.343278780052453,10.772663302903942,87.19312478660738,3.519431334886864,3.0,0.321214393974874,1.0,0.0,0.0,0.0,1.0,0.0,0.0,0.0,1.0,0.0,0.0,0.0,127
-10.144826830389983,1.0705346814857275,93.92394510309386,3.1541764039764177,3.0,0.4347951280022052,-11.272689948261267,6.670100179087336,98.85071302490438,4.3587361075623505,3.0,0.902054672028486,-9.417512233601062,9.329164623120356,90.88149107011432,4.403700415696249,3.0,0.2954365081772348,-8.686342244752284,10.748958681859609,87.55136180495764,1.329337219927343,3.0,0.27419041123982657,-6.325780497582299,10.719362268586103,86.94385090005817,3.4273221040278727,3.0,0.32122163995912273,1.0,0.0,0.0,0.0,1.0,0.0,0.0,0.0,1.0,0.0,0.0,0.0,128
-10.180157598415345,1.0899271484455777,93.95589962024764,2.9961830902940303,3.0,0.4347935260457644,-11.26103920579457,6.675830045118299,98.80833134208437,4.228970901371849,3.0,0.9013969655022607,-9.392993365710316,9.317340258753392,90.77624822269223,4.43135315909036,3.0,0.2938072269994143,-8.63809351173782,10.710914353531512,87.40746817308307,1.2386434157468937,3.0,0.2735876453584053,-6.301712254672933,10.667584995521267,86.82335190615392,3.3712911274858897,3.0,0.32122410053226674,1.0,0.0,0.0,0.0,1.0,0.0,0.0,0.0,1.0,0.0,0.0,0.0,129
-10.14642837343243,1.0727749251438254,93.85752807906738,2.8228791389615053,3.0,0.4347876422205028,-11.134523979705703,6.717651894362876,98.79460973346731,4.4510762270061015,3.0,0.9008939476084449,-9.323718395675215,9.36182647708601,90.6300125906484,4.315583158579291,3.0,0.29258370788081906,-8.591349091152374,10.665212018331426,87.27895159176211,1.2043232713921235,3.0,0.27313810511940223,-6.246208795759174,10.686375698434713,86.63296694587753,3.461930186428093,3.0,0.32122957433486665,1.0,0.0,0.0,0.0,1.0,0.0,0.0,0.0,1.0,0.0,0.0,0.0,130
-10.081374135092553,1.125728528557977,93.78036577396298,2.984055426682915,3.0,0.4347863118741278,-11.02656115055957,6.7682639055839005,98.63874535658668,4.858473334514023,3.0,0.9021667120234365,-9.192157503480868,9.37374212231356,90.47552203388553,4.393430884371169,3.0,0.295717243843826,-8.448994297428133,10.671856753801038,87.13235719142814,1.5599816146626526,3.0,0.2742948134376663,-6.121504389013591,10.65977761563674,86.47597399146002,3.372222115392327,3.0,0.3212278193017605,1.0,0.0,0.0,0.0,1.0,0.0,0.0,0.0,1.0,0.0,0.0,0.0,131
-10.072681390876223,1.116598647374799,93.70108841432194,2.6080783518638255,3.0,0.4347841102950471,-10.961387304052472,6.844297759332437,98.53864368166671,5.064825137107739,3.0,0.9028599428448181,-9.055846215048977,9.353933326734902,90.22832355702796,4.631022665770464,3.0,0.29747898202543865,-8.345066504862976,10.727001744924598,86.94357282683707,2.0628570194871845,3.0,0.2749527058930982,-6.00504281070045,10.59154766032842,86.4784052289634,2.9117219812761923,3.0,0.32122699320502035,1.0,0.0,0.0,0.0,1.0,0.0,0.0,0.0,1.0,0.0,0.0,0.0,132
-9.992242176042632,1.1028464352836171,93.61491871787894,2.739584235952451,3.0,0.43478464107960185,-10.846952162007142,6.89570627048123,98.19562205381142,4.996385699384921,3.0,0.9028481763369454,-8.931486393524771,9.367622048463712,90.05844090791084,4.800551842783324,3.0,0.29744836652581397,-8.203698097144937,10.699516165497652,86.62690176900412,2.139927044252274,3.0,0.27494142015757556,-5.893255224683121,10.517779051687482,86.24289251718568,2.8672214353593053,3.0,0.32122859718122926,1.0,0.0,0.0,0.0,1.0,0.0,0.0,0.0,1.0,0.0,0.0,0.0,133
-9.94869768089393,1.1056140307657194,93.62157613350576,2.665711568599239,3.0,0.434789249697819,-10.702338359914194,6.978588627078523,97.7860681647511,4.936695510495273,3.0,0.9029886905346439,-8.774840581576772,9.414048299283705,89.8261293784676,4.813726861664791,3.0,0.2978105364507025,-8.035761830031019,10.780648556486877,86.36553703668424,2.707893199871467,3.0,0.27507730683827225,-5.7362394542207005,10.476138260199606,86.09137437504943,2.905920782030854,3.0,0.32122641084392156,1.0,0.0,0.0,0.0,1.0,0.0,0.0,0.0,1.0,0.0,0.0,0.0,134
-9.866997546611213,1.1588437271586038,93.65998695142916,2.9501058952614305,3.0,0.43478948158845454,-10.452610296071732,7.078795667512021,97.55722304517617,4.962814810019318,3.0,0.9030414538973712,-8.681482790171202,9.421996531553825,89.60562328144579,4.507857236597984,3.0,0.29794683007488554,-7.857678036145879,10.721244896789731,86.17521103368466,1.8858340707224672,3.0,0.275128705681428,-5.648794056465418,10.451651179218379,85.78677662746955,3.125892514467491,3.0,0.32122791384539773,1.0,0.0,0.0,0.0,1.0,0.0,0.0,0.0,1.0,0.0,0.0,0.0,135
-9.779791004158222,1.2015600883356676,93.5469010873636,2.860932557096074,3.0,0.4347873599760495,-10.281121836180489,7.141752711345571,97.41364544835609,5.096728853310704,3.0,0.9030749308820109,-8.504408729251347,9.473815143263188,89.33357849544639,4.490837740493272,3.0,0.29803381191605083,-7.695987316868276,10.813411839101901,86.03435543236617,1.833857220052929,3.0,0.2751610648697627,-5.4362597054265205,10.55391978485222,85.60799062888067,2.601947245652308,3.0,0.3212232148336042,1.0,0.0,0.0,0.0,1.0,0.0,0.0,0.0,1.0,0.0,0.0,0.0,136
-9.77406690941007,1.1857216686028713,93.34796012147946,2.929066302037358,3.0,0.43478995568793605,-10.128694287926548,7.1790530371169545,97.18256338172448,5.299099736929844,3.0,0.9030754721856143,-8.363824419767953,9.528066035053598,89.04161919561294,4.7237688948358825,3.0,0.2980359932740953,-7.585329429911827,10.937783587483848,85.84609980014298,2.369953435088434,3.0,0.27516165837528195,-5.350112968865909,10.521790850073108,85.15434639001505,2.283906365379363,3.0,0.32122254797070576,1.0,0.0,0.0,0.0,1.0,0.0,0.0,0.0,1.0,0.0,0.0,0.0,137
-9.762588466500995,1.205007114187881,93.28632923274941,2.7756882484387533,3.0,0.4347926113493242,-10.040476464645037,7.146602218099346,97.05653555965179,5.521793983108723,3.0,0.9030591711342214,-8.272008828735673,9.508766051617433,88.74187277127967,5.007237504590816,3.0,0.2979936627704419,-7.485005860757244,10.953911944967087,85.64583100074604,2.4186110247951937,3.0,0.27514564976513867,-5.326429208157672,10.477613127893015,84.86813270244531,2.0162842181678715,3.0,0.32122288558374257,1.0,0.0,0.0,0.0,1.0,0.0,0.0,0.0,1.0,0.0,0.0,0.0,138
-9.713606464473171,1.223103686196046,93.24397237458135,2.6464838295609505,3.0,0.4347954989939335,-9.967266382643453,7.1340544382367055,96.86064843128857,5.5221024138044195,3.0,0.9030572646248057,-8.187158518664427,9.50474070287819,88.57568911524973,5.013153999329347,3.0,0.29798902578220693,-7.404672123838409,10.959559713788737,85.54180880525787,2.3485925712242364,3.0,0.27514387007009194,-5.1954578917503484,10.455452171613668,84.78166832368645,1.9097554611410479,3.0,0.32121775214698106,1.0,0.0,0.0,0.0,1.0,0.0,0.0,0.0,1.0,0.0,0.0,0.0,139
-9.73260845101758,1.2146265920647283,93.27382965114134,2.5650583167704943,3.0,0.43479675381248833,-9.918314031531054,7.093988117607284,96.60499878897082,5.781180310994336,3.0,0.9030134196891805,-8.05717583806574,9.510549720004242,88.4753832163174,5.034532010977791,3.0,0.29787596327238014,-7.324400604857408,10.94028865837173,85.50255478416939,2.353496166812445,3.0,0.2751013427103954,-5.148469836930126,10.475037399648558,84.68750489306777,1.8613421408402038,3.0,0.3212158243298736,1.0,0.0,0.0,0.0,1.0,0.0,0.0,0.0,1.0,0.0,0.0,0.0,140
-9.707890587145553,1.2218179478886402,93.3885781576752,2.7084478085293653,3.0,0.434792471282866,-9.849136611384921,7.1451435268657395,96.57099007438511,5.477287243581366,3.0,0.9030669032605904,-7.981998940434981,9.470882812240495,88.40285081835225,4.9836876109410255,3.0,0.29801537750159324,-7.227118140651979,10.961930507562538,85.5139214122265,2.0513601941945443,3.0,0.27515322970973216,-5.064199666034328,10.568687285447067,84.77820089292213,2.1431715839291114,3.0,0.3212228455910447,1.0,0.0,0.0,0.0,1.0,0.0,0.0,0.0,1.0,0.0,0.0,0.0,141
-9.684045089018385,1.207984597848897,93.32543681908271,2.4345670041228034,3.0,0.4347949472325541,-9.871543356380426,7.2093607473263095,96.51866533605153,4.973100431586786,3.0,0.9030718545043287,-8.018536030789722,9.476303381190162,88.3916685528193,4.977069474650226,3.0,0.29802823384400084,-7.230302802283924,10.960280518026282,85.50881879314578,2.1269310450326886,3.0,0.2751580158561872,-5.108254155260569,10.56015462362474,84.74240355652317,2.3575273076114063,3.0,0.3212185844117935,1.0,0.0,0.0,0.0,1.0,0.0,0.0,0.0,1.0,0.0,0.0,0.0,142
-9.690786141503608,1.2334961871718104,93.35836146593913,2.341613488870204,3.0,0.43479426070126403,-9.960204682708293,7.095533562407869,96.73307275893423,5.34242171998751,3.0,0.9030224594283544,-8.020314298637228,9.503690165185995,88.57707359990344,5.263294002735795,3.0,0.29789957301931697,-7.243976515281377,10.991389677133181,85.63837301153886,2.365353110328181,3.0,0.27511013566431636,-5.084690104052851,10.548004077599755,84.89830849897284,2.3680629645790634,3.0,0.3212204152767641,1.0,0.0,0.0,0.0,1.0,0.0,0.0,0.0,1.0,0.0,0.0,0.0,143
-9.6953684011746,1.210962767855891,93.44111744607704,2.333159361627208,3.0,0.4347947354118499,-10.0112344391333,7.107457044862365,96.92549568869327,5.115068247857027,3.0,0.9030762941051628,-8.092618543571362,9.519451734651188,88.76919702993736,5.371073161873478,3.0,0.29803798363553874,-7.288413761811983,11.023300556020002,85.78939972176944,2.7329162053752576,3.0,0.27516237015120854,-5.144383775183079,10.408890424801548,85.00828158960474,1.6065023169771495,3.0,0.3212191822565357,1.0,0.0,0.0,0.0,1.0,0.0,0.0,0.0,1.0,0.0,0.0,0.0,144
-9.665530574559373,1.1877920680171665,93.48346328203593,2.1095925597655434,3.0,0.4347944632488266,-10.136290657643352,7.102405380732918,97.04722228075728,4.966996425404857,3.0,0.9030804006332696,-8.233246286654678,9.54415104670999,88.94302025991496,5.25491732939596,3.0,0.2980483034954978,-7.379580920996206,11.008822841219786,85.93017131462152,2.8725844817773756,3.0,0.27516632072916547,-5.210670219930862,10.431557152892811,85.07310532485043,2.463988389513423,3.0,0.32122006971343353,1.0,0.0,0.0,0.0,1.0,0.0,0.0,0.0,1.0,0.0,0.0,0.0,145
-9.686326425063942,1.1610139492668838,93.55336445365496,2.059377685589661,3.0,0.43479893124059976,-10.239383868426856,7.078821499423733,97.08606365075741,5.217542178641582,3.0,0.9030884125528739,-8.374967279544784,9.531516884334852,89.10106657491455,5.040245569083116,3.0,0.298069478071427,-7.5137998456006425,11.013814858804304,86.01701544428136,2.9163348090326937,3.0,0.2751741989250276,-5.329468758949868,10.433538293593058,85.25808420347559,2.4532677048012554,3.0,0.32121424501879553,1.0,0.0,0.0,0.0,1.0,0.0,0.0,0.0,1.0,0.0,0.0,0.0,146
-9.727177518546979,1.1928360022303937,93.66185106063583,2.149064628320551,3.0,0.4347991525459222,-10.25645677505243,7.086071186608295,97.15568102304852,5.301383221855549,3.0,0.9030923166851405,-8.47432024808843,9.522327192571767,89.25684788725256,4.796775863839131,3.0,0.29808120806032334,-7.675475262029963,10.944388568904078,85.99579630201404,2.7161958911130744,3.0,0.2751774126980875,-5.437066537937077,10.416549716178288,85.26311454230428,2.2993323290284495,3.0,0.32121368475430084,1.0,0.0,0.0,0.0,1.0,0.0,0.0,0.0,1.0,0.0,0.0,0.0,147
-9.705365834317426,1.206570350411061,93.6293092026115,2.0806596459458278,3.0,0.4347978601487879,-10.261718882027555,7.094363216379143,97.13689725641375,5.443730841416232,3.0,0.9030917514265372,-8.543628295973319,9.531745421272428,89.18015538926547,4.645074857754927,3.0,0.29808044714464665,-7.731642856495947,11.009365590334895,85.98502559783655,2.84953219076897,3.0,0.27517727025756483,-5.487232883200388,10.410818403036938,85.1700071460875,2.352366338065432,3.0,0.32121352205331877,1.0,0.0,0.0,0.0,1.0,0.0,0.0,0.0,1.0,0.0,0.0,0.0,148
-9.778370656022972,1.1872058213646062,93.49787359540274,2.420602389282378,3.0,0.43479722221922357,-10.270913255624256,7.076555982107066,97.04848886574419,5.386837721926667,3.0,0.9030915499569312,-8.588766362936928,9.51199987015135,89.10000670642447,4.481502912264998,3.0,0.29807900020199274,-7.809920025674321,10.966316788361716,85.8577477796866,2.6005549719520427,3.0,0.27517719322097567,-5.565458224616166,10.420005416015023,85.08657617858108,2.076279784332268,3.0,0.3212141486502152,1.0,0.0,0.0,0.0,1.0,0.0,0.0,0.0,1.0,0.0,0.0,0.0,149
-9.718408633162904,1.2018526763836344,93.53583338880073,2.372227794326637,3.0,0.4347972038182549,-10.244555170094829,7.099120422910763,97.05421567462184,5.39085795556727,3.0,0.9030906211852882,-8.55089806379341,9.472109669103428,89.06812077158537,4.482116871199115,3.0,0.2980749063436399,-7.7993137150194425,10.955845828139669,85.8251688050287,2.4930188676247567,3.0,0.2751762166565228,-5.563043726091345,10.394721933530375,85.05191514096904,1.8802169510012312,3.0,0.32121507039576463,1.0,0.0,0.0,0.0,1.0,0.0,0.0,0.0,1.0,0.0,0.0,0.0,150
-9.738511612434241,1.2194272620192048,93.52815621477723,2.4058774963319105,3.0,0.4347956715880394,-10.206916693937742,7.143552917047766,97.03334394441626,5.534599962076307,3.0,0.9030859570805658,-8.503353338703262,9.49338020582619,89.03529539715139,4.35142760799219,3.0,0.2980626236344773,-7.765919300139481,10.970873112550235,85.79563027295475,2.518228645528224,3.0,0.2751718481852831,-5.540631222511917,10.357334802083487,85.01350482093406,1.48342707668676,3.0,0.3212174450685109,1.0,0.0,0.0,0.0,1.0,0.0,0.0,0.0,1.0,0.0,0.0,0.0,151
-9.695799349442929,1.219104212215262,93.46620004240583,2.3060338073227777,3.0,0.43479316761934356,-10.1599191122534,7.138963084591062,97.08375311450756,5.514934419442583,3.0,0.9030816656006629,-8.423015013932446,9.48269438381545,88.93980883870931,4.62663542804653,3.0,0.2980518613532928,-7.70933257959062,10.96087422909025,85.69679073058943,2.6488177860560866,3.0,0.2751675884112185,-5.506235228284504,10.414665813153492,84.83419465687344,1.7207555927218519,3.0,0.32121984225318984,1.0,0.0,0.0,0.0,1.0,0.0,0.0,0.0,1.0,0.0,0.0,0.0,152
-9.653496656884037,1.2594620325686947,93.45079689609776,2.2474089278312346,3.0,0.4347941300726447,-10.134242434742168,7.129361966871703,96.99955804300369,5.721432676468538,3.0,0.9030841837022275,-8.355354527880003,9.50338938233404,88.84710082469806,4.728399453713201,3.0,0.2980586082599084,-7.628253951526573,10.989518144356152,85.6319789475148,2.7714564089339486,3.0,0.27517002052821454,-5.440613836493388,10.354329971006786,84.77621289303737,1.394968833924249,3.0,0.32121863526015504,1.0,0.0,0.0,0.0,1.0,0.0,0.0,0.0,1.0,0.0,0.0,0.0,153
-9.67482697427176,1.2487202165931846,93.39211566250617,2.4816837039536246,3.0,0.43479477528893873,-10.080127447138771,7.1597880110766,96.99260156932796,5.603548912744327,3.0,0.9030708835957584,-8.255733176725661,9.494909845330989,88.76458983740106,4.801162375542353,3.0,0.2980245807626498,-7.518844369896919,10.97111072057766,85.56659682643043,2.502457643853519,3.0,0.2751570568359714,-5.324370903506037,10.34914676174059,84.74102141725486,1.466806590374162,3.0,0.3212195951117989,1.0,0.0,0.0,0.0,1.0,0.0,0.0,0.0,1.0,0.0,0.0,0.0,154
-9.584983466947238,1.2449518467227565,93.41034596219478,2.3851456920907985,3.0,0.4347941403168869,-9.994510121692436,7.132193754130103,96.96560055568224,5.588878886766369,3.0,0.9029630904154311,-8.109445405153823,9.486859588788782,88.6461253664514,4.692101511599207,3.0,0.29774676271713924,-7.3989686946105895,10.924236634852408,85.43876570873898,2.37644791515944,3.0,0.27505246109202874,-5.213703561395686,10.484088787804874,84.72081132741232,2.265909598501174,3.0,0.32122174147667426,1.0,0.0,0.0,0.0,1.0,0.0,0.0,0.0,1.0,0.0,0.0,0.0,155
-9.495381904089053,1.2628243691045784,93.45436117284235,2.270728986684761,3.0,0.4347957399914295,-9.959645115462271,7.108036422097373,96.76558616078984,5.655924920955408,3.0,0.9030590822926992,-7.948160156877498,9.45014044194163,88.34448159376083,4.718960634344572,3.0,0.29799475792976315,-7.233880506217872,10.891644525977448,85.36248842691359,2.525808939024184,3.0,0.2751456925707995,-5.045910862411687,10.448286489054722,84.56421189093312,2.511956807622421,3.0,0.32121993113903285,1.0,0.0,0.0,0.0,1.0,0.0,0.0,0.0,1.0,0.0,0.0,0.0,156
-9.489767729615462,1.2499212059051852,93.41456517856142,2.350102192202965,3.0,0.4347929009993829,-9.62695057002554,7.116448626224946,96.70169721608856,6.678585266936661,3.0,0.9030412193728674,-7.794242930395179,9.420434534998726,88.15222040274512,4.821093396490791,3.0,0.2979509995700555,-6.941189582343929,10.870671800563432,85.35712915063534,2.5672159620222357,3.0,0.27512822787273206,-4.845711354697687,10.395833594264197,84.43645947575294,2.708010529188831,3.0,0.3212251424710872,1.0,0.0,0.0,0.0,1.0,0.0,0.0,0.0,1.0,0.0,0.0,0.0,157
-9.458593468530458,1.1896435198793973,93.40080114136545,2.8125696439434726,3.0,0.4347925638825711,-9.574487085823517,7.026395981341463,96.61091944282809,6.296166221129319,3.0,0.9015165299198209,-7.651467648222115,9.384224399213377,88.07360359285302,4.762315920089523,3.0,0.29410282678789085,-6.697629290424077,10.836881763710142,85.26848757699565,2.500783727761531,3.0,0.2736958984023447,-4.632538567882196,10.426590202219398,84.43855283288035,2.9750700316241794,3.0,0.3212261435273076,1.0,0.0,0.0,0.0,1.0,0.0,0.0,0.0,1.0,0.0,0.0,0.0,158
-9.421152221682602,1.2070530312621832,93.42669536250085,2.7214296652688525,3.0,0.4347997118964841,-9.520736506169689,6.989160004530833,96.60038991064104,6.104438354228409,3.0,0.901794951689509,-7.486938703468945,9.387666529995016,88.0890654964112,4.721308708509753,3.0,0.2947904389300016,-6.448007340013394,10.849180114550188,85.30143461222644,2.736037611525788,3.0,0.2739503071708272,-4.301457191568544,10.393022562978514,84.4894923016989,3.0106934534143357,3.0,0.3212146383997996,1.0,0.0,0.0,0.0,1.0,0.0,0.0,0.0,1.0,0.0,0.0,0.0,159
-9.477260369151688,1.189025954980275,93.3911487662557,2.632618444842955,3.0,0.4347932604231099,-9.483710946383107,6.997179457649619,96.62738956576561,5.81467310844389,3.0,0.9020447974233243,-7.329076003140686,9.392573582677326,88.17515932497089,4.603082094089723,3.0,0.295413418694604,-6.26785843167953,10.906362816127828,85.38528805282552,2.477222573690769,3.0,0.2741812335206121,-4.059962176697702,10.403266544756107,84.6027657956915,2.2567573356142607,3.0,0.3212265795767294,1.0,0.0,0.0,0.0,1.0,0.0,0.0,0.0,1.0,0.0,0.0,0.0,160
-9.437981909232189,1.1911853227194804,93.3447674185049,2.6178218018787334,3.0,0.43477035449590856,-9.3128406049943,7.170816164647336,96.82488983164197,4.957804321309454,3.0,0.9020063164602677,-7.148941052884106,9.451134675598276,88.28135890708636,4.484012301322124,3.0,0.29531638783807795,-6.054390790050248,10.98746229426214,85.51597110063877,1.8942344204991717,3.0,0.27414553302445044,-3.85612015575445,10.419171923603047,84.75718677617506,1.4387882901500737,3.0,0.3212742658812204,1.0,0.0,0.0,0.0,1.0,0.0,0.0,0.0,1.0,0.0,0.0,0.0,161
-9.490819345177801,1.164974792887247,93.28715848253678,2.708994282554413,3.0,0.4347676459514917,-9.227049752768258,7.221497096796322,96.88726565529377,4.825372555446312,3.0,0.9020722111061492,-7.0341425934150585,9.509055886445507,88.35557115478724,4.3946494897464055,3.0,0.295481291367379,-5.8723892567629035,11.053710106808252,85.63790738255993,1.5832394413706592,3.0,0.2742067489231472,-3.700722106647366,10.534597819382208,84.78423103375299,1.9117314118426139,3.0,0.32127438198856173,1.0,0.0,0.0,0.0,1.0,0.0,0.0,0.0,1.0,0.0,0.0,0.0,162
-9.501862643664719,1.1868440159650437,93.32997040999658,2.8658424177677695,3.0,0.4347834377801727,-9.252668679865456,7.253564143113533,96.916570088392,4.456058933758085,3.0,0.9022587199540525,-7.007139742493013,9.556765050814457,88.37219440935165,4.325239843431452,3.0,0.29595104968608443,-5.860458792617301,11.071160391864062,85.63710681595377,1.599226126800897,3.0,0.27438103830417426,-3.6911466303245146,10.537669599947064,84.78769144217591,1.977956292915831,3.0,0.32124862233786877,1.0,0.0,0.0,0.0,1.0,0.0,0.0,0.0,1.0,0.0,0.0,0.0,163
-9.46835993074275,1.186648328249745,93.37959497457054,2.76114967792547,3.0,0.4347773208468662,-9.292249380643673,7.27875578895072,96.85171343470918,4.47858142292334,3.0,0.9018594310357457,-7.036762476657432,9.590840501721656,88.38743412822649,4.321500982963283,3.0,0.2949530905394821,-5.9101980319511735,11.085147926159607,85.61311794763532,1.7027827500304609,3.0,0.27400964239514536,-3.699565140106204,10.566679480143783,84.73084059303692,2.007458721097866,3.0,0.3212625677164605,1.0,0.0,0.0,0.0,1.0,0.0,0.0,0.0,1.0,0.0,0.0,0.0,164
-9.461098157805848,1.2032258204174957,93.2970660205602,2.6760562401857175,3.0,0.4347646879179938,-9.251446760452671,7.304633453757751,96.86467174802735,4.5560687929848,3.0,0.9020027309304862,-7.064908202120546,9.59428769124942,88.40923977379664,4.434907899277248,3.0,0.2953101210596144,-5.990929823049317,11.079542949781102,85.59968180955579,1.914491893898398,3.0,0.2741421571657495,-3.809942332962991,10.559002923856676,84.71278238321216,2.553768823177221,3.0,0.3212898910009427,1.0,0.0,0.0,0.0,1.0,0.0,0.0,0.0,1.0,0.0,0.0,0.0,165
-9.480576224837929,1.2340972654009161,93.35673440716597,2.9211148253633006,3.0,0.43477392894807015,-9.298494171835262,7.3053736797276345,96.89083073783623,4.332034656129081,3.0,0.9020607598226383,-7.125293312365306,9.582426554752065,88.41909133166928,4.4370816840589145,3.0,0.2954534863323348,-6.072841431526892,11.096622756697785,85.64182431933507,2.1630908514924214,3.0,0.27419610340811434,-3.85123581613045,10.564795358290874,84.81212772320538,2.9200199631757564,3.0,0.32126882729064854,1.0,0.0,0.0,0.0,1.0,0.0,0.0,0.0,1.0,0.0,0.0,0.0,166
-9.564822384687687,1.187796223492453,93.40577585742916,2.854485494415106,3.0,0.4347546003572063,-9.602958982324967,7.304079959347755,96.99138952870052,3.4292280863435995,3.0,0.9018148603098248,-7.212479309868527,9.553985186650182,88.54934882622747,4.498172814799321,3.0,0.29483848885167646,-6.196896495762716,11.05014076691285,85.74497717018387,2.1114058036714645,3.0,0.2739687280487788,-3.986165848279026,10.563990452313098,84.89633842060778,3.1140644447123598,3.0,0.3213019041541774,1.0,0.0,0.0,0.0,1.0,0.0,0.0,0.0,1.0,0.0,0.0,0.0,167
-9.657396383480934,1.1512555558590027,93.42591986088672,2.5786897923017076,3.0,0.43470732368204923,-9.744057156678771,7.302883020459323,97.18525335347388,3.490320456068106,3.0,0.9029725989638768,-7.391263021014,9.53382813015361,88.72207560305971,4.2553592224769,3.0,0.29772487337410286,-6.376153247399405,11.049919449436901,85.90975224969561,2.1369784807496717,3.0,0.27509083900959586,-4.126954300962012,10.556763328668106,84.99857784671211,3.1267340537063824,3.0,0.32123170863311873,1.0,0.0,0.0,0.0,1.0,0.0,0.0,0.0,1.0,0.0,0.0,0.0,168
-9.6846018954846,1.12340242970135,93.62297625718762,2.5294757926735487,3.0,0.4347521678294902,-9.956218044148327,7.284747928034916,97.37624857844659,3.9147550791215013,3.0,0.9030260040952445,-7.559372480037197,9.554201434328649,88.99166129030075,4.027346629921031,3.0,0.297893312108913,-6.571209266394803,11.021080092407008,85.9538446606613,2.0819759445974144,3.0,0.27511365552380473,-4.282135340938649,10.439237415127216,85.09460424915875,2.3017282904160856,3.0,0.32124912449199355,1.0,0.0,0.0,0.0,1.0,0.0,0.0,0.0,1.0,0.0,0.0,0.0,169
-9.739637368680727,1.1183388209580916,93.75039915166752,2.722983973142256,3.0,0.4347803930961228,-10.077953781024394,7.261150165141623,97.44710586969059,4.24280218161373,3.0,0.9030681546735173,-7.7004646364342495,9.50800764714504,89.1444083488909,4.278303156610782,3.0,0.29800951187971486,-6.726390737107226,11.06317539403162,86.10786297494771,2.4394991047522976,3.0,0.27516107334218326,-4.4485432378283765,10.398903958487999,85.23137369840978,2.152931575395821,3.0,0.3212165483391777,1.0,0.0,0.0,0.0,1.0,0.0,0.0,0.0,1.0,0.0,0.0,0.0,170
-9.742151987946931,1.1090203468212048,93.80772890942148,2.474430758752348,3.0,0.4347926096002611,-10.19177370637515,7.192170127581528,97.45927876461906,4.077152700014979,3.0,0.9030822688355074,-7.8749624489068,9.502622929766709,89.27174445046462,4.463118618542146,3.0,0.29805188346044037,-6.89005307612092,11.04294941713289,86.1524548983332,2.6704918811478464,3.0,0.275171244978339,-4.718913548304247,10.369367264356372,85.24643788526909,2.150741607947179,3.0,0.3212170153210697,1.0,0.0,0.0,0.0,1.0,0.0,0.0,0.0,1.0,0.0,0.0,0.0,171
-9.761609275541579,1.146869035389708,93.91301685002138,2.457226998742605,3.0,0.43478864511725435,-10.292000303657478,7.160644114478906,97.55847215977649,3.8971506075246265,3.0,0.9030792317099359,-8.077385471609155,9.44275103306465,89.45791804365722,4.7042564323918254,3.0,0.298040709917202,-7.048213051665429,11.02273047321234,86.33687878031668,3.132083308465885,3.0,0.27516890538001365,-4.82951164093909,10.369016143635456,85.44575144259333,2.2788226634880893,3.0,0.32121813367192775,1.0,0.0,0.0,0.0,1.0,0.0,0.0,0.0,1.0,0.0,0.0,0.0,172
-9.792566043758287,1.1595108478336813,94.05740230309269,2.753075155310668,3.0,0.4347865423641052,-10.336386616893535,7.1328566217934375,97.81360663560257,3.75559148332421,3.0,0.9030778190439137,-8.197035129149718,9.397032466213536,89.63853559237647,4.48346021938178,3.0,0.2980355257697194,-7.246763738808937,10.960833023485929,86.46072993659777,2.811824732530227,3.0,0.2751678519887917,-4.993572232970064,10.465966423597694,85.67776197013417,2.628716082705205,3.0,0.321214340150794,1.0,0.0,0.0,0.0,1.0,0.0,0.0,0.0,1.0,0.0,0.0,0.0,173
-9.802702852067656,1.165121529306324,94.11257004178223,2.8585825080068914,3.0,0.43478023008419814,-10.470818125989991,7.127163674187731,97.95159161057563,3.7904198954425143,3.0,0.9030699308818727,-8.296977235107212,9.354109539346828,89.98004350904797,4.319917512294039,3.0,0.29801157776937476,-7.462101633616014,10.901956028185985,86.60575008904006,2.4677929660101245,3.0,0.27516201418240754,-5.13560445663292,10.488760286149294,86.01368464593862,2.1834004973369407,3.0,0.3212166039781271,1.0,0.0,0.0,0.0,1.0,0.0,0.0,0.0,1.0,0.0,0.0,0.0,174
-9.837315637651841,1.1484540625395798,94.12719641718677,3.079654734599471,3.0,0.43477577090035874,-10.585841587948636,7.053340117219415,98.04450384690966,4.345793508225295,3.0,0.9030643145170847,-8.437831441110276,9.391395867365004,90.11248013081153,4.077584143897435,3.0,0.2979961158995313,-7.653214924195637,10.879678521009218,86.67000743504259,2.238017584166052,3.0,0.2751581657716919,-5.306509032848047,10.481006585822911,86.1348795220712,1.6474586502511641,3.0,0.32121440018665826,1.0,0.0,0.0,0.0,1.0,0.0,0.0,0.0,1.0,0.0,0.0,0.0,175
-9.829449347907216,1.122501450965888,94.10927367587402,3.199743422569508,3.0,0.43478271473057645,-10.558535549014088,7.13248537215832,98.24534565461536,4.141927231778066,3.0,0.9030686356503863,-8.514767787671685,9.38437606521276,90.11793866740624,3.7001612108451956,3.0,0.29801829508030914,-7.753113880398251,10.86486194345437,86.68411847373777,1.859740144821686,3.0,0.2751624969664042,-5.439292151343303,10.468187351466211,86.17284183540414,1.3689822746334797,3.0,0.3212145498227402,1.0,0.0,0.0,0.0,1.0,0.0,0.0,0.0,1.0,0.0,0.0,0.0,176
-9.883610455865435,1.072552260656387,94.07804178608262,3.230841958410023,3.0,0.4347801404415539,-10.658955979658513,7.088835558148593,98.30207422668244,4.761181983401616,3.0,0.9030660614969183,-8.606430591268376,9.330214014919695,90.09471441708716,3.7482885869189424,3.0,0.29800899899069483,-7.7500943118407974,10.822737201371233,86.67950364213377,1.8421824057561489,3.0,0.27516039781783347,-5.469225205215215,10.426608297162701,86.21779938918695,1.7190103038147388,3.0,0.3212167740865939,1.0,0.0,0.0,0.0,1.0,0.0,0.0,0.0,1.0,0.0,0.0,0.0,177
-9.871261817317482,1.0552954047547416,94.02074183202444,3.1715754896629984,3.0,0.4347706966790135,-10.686245597998953,7.0783605334198185,98.36920576855351,4.846616542268396,3.0,0.9030561719160267,-8.617624797634951,9.324376066875733,90.11466242424537,3.631737599076003,3.0,0.2979749833100278,-7.7198850056922526,10.834904889977592,86.72682225520866,2.166545851956237,3.0,0.27515258546602694,-5.445910161900275,10.396607992805672,86.28277919737766,1.6799484046867201,3.0,0.3212195705984902,1.0,0.0,0.0,0.0,1.0,0.0,0.0,0.0,1.0,0.0,0.0,0.0,178
-9.899215398012695,1.0751428383674226,94.02508911984992,3.062733360356578,3.0,0.4347731348107888,-10.728225998849771,7.069686502216784,98.4702025954728,4.79538117455731,3.0,0.9030577054388321,-8.590108885098303,9.365471556780241,90.15930925266623,3.7046478350003724,3.0,0.2979822802035129,-7.6593917881474844,10.85328205486019,86.80693256954348,2.3081714809797167,3.0,0.2751540163845935,-5.4057243901675704,10.399557746239958,86.42382270499606,1.5213996012090423,3.0,0.3212174104352606,1.0,0.0,0.0,0.0,1.0,0.0,0.0,0.0,1.0,0.0,0.0,0.0,179
-9.901513737102926,1.0848876299014758,94.12327125473219,3.171750935523853,3.0,0.43477678274732573,-10.674124385717969,7.163805305987133,98.7208625236234,4.367474456565561,3.0,0.9030652133446161,-8.55708236024214,9.418227898745723,90.32167314644641,3.6227667645911397,3.0,0.2979993566077617,-7.568366993535174,10.924339611165273,86.99760301936745,2.2104185600039687,3.0,0.27515887725540084,-5.325768775059638,10.424050487860782,86.58636037616611,1.3622286216054824,3.0,0.32121658053639895,1.0,0.0,0.0,0.0,1.0,0.0,0.0,0.0,1.0,0.0,0.0,0.0,180
-9.97584830056538,1.074559659252642,94.06701375733229,2.9535833847583643,3.0,0.43478451128073975,-10.677111300013431,7.195734465085847,98.80565176465309,4.418097719982732,3.0,0.9030760133302954,-8.498795189087032,9.461447338771372,90.49624217897264,3.781902771708596,3.0,0.29803069290323114,-7.530081336862679,10.921953585739978,87.13406504579534,2.0554299230894553,3.0,0.2751667406185515,-5.297931526581588,10.42594084738726,86.6851649456627,1.4093226797147558,3.0,0.3212148795543081,1.0,0.0,0.0,0.0,1.0,0.0,0.0,0.0,1.0,0.0,0.0,0.0,181
-10.059857692539346,1.077631853138029,94.08686044708799,2.9966649518329374,3.0,0.434779955259504,-10.709400275200421,7.200117101126343,98.93641354826788,4.506855519624984,3.0,0.903071519603099,-8.586430117271874,9.389019555678772,90.48922043709301,3.786024119133451,3.0,0.2980147881172895,-7.591367147301852,10.928915989066716,87.16029467984167,2.0447921837771603,3.0,0.27516315172945416,-5.336585053440665,10.436232929982689,86.75067905720665,1.2778554773866706,3.0,0.3212159807136939,1.0,0.0,0.0,0.0,1.0,0.0,0.0,0.0,1.0,0.0,0.0,0.0,182
-10.049189113614993,1.0743943802877503,94.05471067093642,3.1176922229981927,3.0,0.43478408492523246,-10.752470041634357,7.203319291384763,98.95395545195493,4.397922269216985,3.0,0.9030771794916369,-8.616992069730362,9.42041377054984,90.53366775629637,3.7204074834378864,3.0,0.29803147958588205,-7.605403790686231,10.919049674986264,87.1765679361022,2.092366756207357,3.0,0.2751673104943047,-5.36316235465253,10.480680306791252,86.74162554341747,1.4705084777402815,3.0,0.3212153189695385,1.0,0.0,0.0,0.0,1.0,0.0,0.0,0.0,1.0,0.0,0.0,0.0,183
-10.028426583499625,1.072246082605645,94.03615411558502,2.993490766280693,3.0,0.43478083635493847,-10.782659546114466,7.178721784188834,98.96054252289724,4.591633272517348,3.0,0.903073287770191,-8.638705020217252,9.41952915991436,90.51626901327315,3.734947384555628,3.0,0.2980195424104394,-7.619212423709447,10.918490116985453,87.15298726339344,2.163315558952879,3.0,0.2751644347834746,-5.385014603339897,10.485853549506071,86.73335574798608,1.5019288776213522,3.0,0.3212150402550074,1.0,0.0,0.0,0.0,1.0,0.0,0.0,0.0,1.0,0.0,0.0,0.0,184
-10.036485178485435,1.078958061184924,93.95705704244092,2.918397662365669,3.0,0.4347765602969076,-10.759585754911473,7.175400490997677,98.93454128257346,4.520160790537742,3.0,0.9030678680204077,-8.644575872459741,9.409779945673947,90.52424790076277,3.836302171937574,3.0,0.2980029242285655,-7.630974652618238,10.911940653687985,87.15760394746633,1.9936439395877967,3.0,0.2751603863883112,-5.3912886961228965,10.485441167605348,86.73225547780129,1.666153947556559,3.0,0.3212147411715557,1.0,0.0,0.0,0.0,1.0,0.0,0.0,0.0,1.0,0.0,0.0,0.0,185
-10.047017488992351,1.0692611291070344,93.89718378544032,2.69247769600341,3.0,0.43477872666457107,-10.771994107342483,7.170122526238334,98.93753204568009,4.509527277206384,3.0,0.9030701908043708,-8.63558413064603,9.40820944690314,90.50975493852067,3.759776465820357,3.0,0.29801015506950346,-7.620866997803945,10.922118008128011,87.14181381562537,1.954126766869227,3.0,0.2751620828142058,-5.393787472478319,10.493912393636894,86.71777588668712,1.641445537965195,3.0,0.32121466403402554,1.0,0.0,0.0,0.0,1.0,0.0,0.0,0.0,1.0,0.0,0.0,0.0,186
-10.049478510598162,1.1033554370787202,93.92745748619613,2.65065859756656,3.0,0.4347809391173021,-10.76126612006801,7.185261604665638,98.9355666554275,4.331977781123925,3.0,0.9030726597882212,-8.591118960329858,9.420683047652632,90.47814753155772,3.7753620109995794,3.0,0.2980182135768108,-7.5402462626495455,10.916215004392724,87.17212907888164,2.0112860770728207,3.0,0.2751639745630492,-5.375635254889653,10.454193150371673,86.715375555051,1.3330597538744546,3.0,0.3212153482640396,1.0,0.0,0.0,0.0,1.0,0.0,0.0,0.0,1.0,0.0,0.0,0.0,187
-10.117292614402007,1.1172367855284284,93.93659186793056,2.8174409215554106,3.0,0.4347856892912395,-10.745903920597362,7.180620991146921,98.82559065645744,4.395297549665201,3.0,0.903078371836148,-8.555968361943062,9.477090679936838,90.37950630520089,3.691549465645998,3.0,0.2980360783176946,-7.466543357138956,10.945351119433187,87.06820805330696,2.297807319950025,3.0,0.27516826546035267,-5.327455957653857,10.448711624772283,86.61357345104267,1.3257944200890237,3.0,0.3212149661109964,1.0,0.0,0.0,0.0,1.0,0.0,0.0,0.0,1.0,0.0,0.0,0.0,188
-10.12307755698778,1.1875323188341977,93.78989111609225,3.0004893065657323,3.0,0.4347875906576508,-10.667506011329735,7.271762496496043,98.53449103833876,4.202875371453554,3.0,0.9030809920351242,-8.432023942037867,9.430539532666504,90.0531453991005,3.7757767283798827,3.0,0.2980439283375375,-7.368931457878915,10.955895839067308,86.89185898934154,2.6318063329986536,3.0,0.2751702163239093,-5.238102279975436,10.422577622372632,86.44063697916602,1.4473467548098604,3.0,0.3212186801071903,1.0,0.0,0.0,0.0,1.0,0.0,0.0,0.0,1.0,0.0,0.0,0.0,189
-10.067134756493967,1.2207023667278336,93.7636080913261,3.3046432867029822,3.0,0.4347903029139472,-10.533895508996707,7.370912406866482,98.17820358977535,4.493402767519588,3.0,0.9030843092842301,-8.283412147599545,9.36975794653134,89.81459605770084,3.7613953887614575,3.0,0.2980544457900708,-7.212609114315444,10.842742730736274,86.543345970184,2.631436039763033,3.0,0.2751727440217042,-5.064557034036214,10.403177975400613,86.03225276600718,2.0930766262551033,3.0,0.32121771467628624,1.0,0.0,0.0,0.0,1.0,0.0,0.0,0.0,1.0,0.0,0.0,0.0,190
-9.860677118922373,1.2339201304090428,93.62599749364459,3.351660729471316,3.0,0.43479142131169174,-10.30516335388966,7.342737844258823,97.77614882275252,4.7655212992866245,3.0,0.9030859420703164,-7.931754866980678,9.376996878467063,89.48452498812397,4.390801846586524,3.0,0.29805952922440304,-6.95671843086804,10.873686401836391,86.22578422284379,3.371049651115381,3.0,0.2751740088018437,-4.83446716508192,10.314327967742809,85.58453198268327,2.635085076042182,3.0,0.3212170174627163,1.0,0.0,0.0,0.0,1.0,0.0,0.0,0.0,1.0,0.0,0.0,0.0,191
-9.809704464144863,1.2153052078831856,93.48034596483564,3.2579978617984175,3.0,0.43479285689738073,-10.060114198976162,7.295950416771858,97.54526563172583,5.334670138154883,3.0,0.9030881382947226,-7.598977721891341,9.36889114179103,89.08692786898486,4.876902466421186,3.0,0.2980650033206845,-6.668613701319602,10.886063310902712,85.90065146353923,3.3740735580179844,3.0,0.27517534917681297,-4.571513343283792,10.237020441706656,85.13792262790594,2.519133915751272,3.0,0.32121636284860156,1.0,0.0,0.0,0.0,1.0,0.0,0.0,0.0,1.0,0.0,0.0,0.0,192
-9.699852662077744,1.178868758568755,93.38104015311968,2.6828295555774027,3.0,0.4347942588689843,-9.944754917072093,7.176066681402183,97.39264080464459,5.117160414588905,3.0,0.9029924853130801,-7.326512097378797,9.311368037397378,88.77527786547147,5.108450719095935,3.0,0.29782088291555536,-6.3184550674146855,10.83128654346145,85.71200891870403,3.0339799326453853,3.0,0.2750808979142066,-4.232623426547265,10.215729245677421,84.95743883456566,2.706909571767048,3.0,0.3212214200979478,1.0,0.0,0.0,0.0,1.0,0.0,0.0,0.0,1.0,0.0,0.0,0.0,193
-9.639814638073702,1.2102609571503713,93.324111377919,2.686137104574436,3.0,0.4347872552293112,-9.801398650571663,7.1271150492641375,97.13207221363888,4.873256508179762,3.0,0.903025886620866,-7.1003552141347015,9.359886857724407,88.57115018359262,4.8450695485964745,3.0,0.2979069407695179,-6.0139188384139874,10.9748219364068,85.78547814911403,2.9972055051846405,3.0,0.27511332736114613,-3.858687021333945,10.394663109716953,84.89839939740872,2.6096286076157758,3.0,0.3212380342727177,1.0,0.0,0.0,0.0,1.0,0.0,0.0,0.0,1.0,0.0,0.0,0.0,194
-9.511524246430055,1.1866664095920607,93.34513014017958,2.7256685430698724,3.0,0.4347795632453995,-9.333084085172864,7.25122856418473,97.40055791405658,4.385197543158042,3.0,0.9030420728399364,-6.777910131187019,9.474069221300406,88.55991601275208,4.558975438202469,3.0,0.2979487899716198,-5.6428721267971005,11.098890684299633,85.88307185555774,2.2507437711705958,3.0,0.27512905516714364,-3.555016615576108,10.494796185317668,84.9307360058874,1.9280762371059748,3.0,0.3212405710638829,1.0,0.0,0.0,0.0,1.0,0.0,0.0,0.0,1.0,0.0,0.0,0.0,195
-9.51577344185231,1.1608398088408234,93.29949940506982,2.8606573141166423,3.0,0.4347425745216019,-9.119553237639385,7.31049437430396,97.26948587723284,4.595559062529423,3.0,0.9029650286776638,-6.578696521728822,9.508352836197536,88.51498162570977,4.450647364592506,3.0,0.2977498961372283,-5.351004074871392,11.13271896702844,85.89654732643955,1.7401654726970275,3.0,0.27505434797993267,-3.347790265154995,10.490522509161885,84.98056042972736,1.0749459159140005,3.0,0.32128059663469005,1.0,0.0,0.0,0.0,1.0,0.0,0.0,0.0,1.0,0.0,0.0,0.0,196
-9.449951642769301,1.1535834039620894,93.2045470860932,3.0164007551604577,3.0,0.4347400977799288,-8.968319772840989,7.332475901953688,97.27563744876211,4.965977433138526,3.0,0.9027363427026585,-6.292372155770094,9.6050115782897,88.4569163489951,4.141216314801782,3.0,0.29716209045867165,-5.17439590269444,11.100365006598823,85.75131481244934,1.6777461869142576,3.0,0.27483406572899954,-3.161312974330602,10.593930029721559,84.88656196796035,1.445602721263045,3.0,0.32134554296642015,1.0,0.0,0.0,0.0,1.0,0.0,0.0,0.0,1.0,0.0,0.0,0.0,197
-9.34417608325056,1.1456073384316714,93.12894747081276,2.9224678579904606,3.0,0.43471398892627855,-8.925885969112056,7.316847860295676,97.23465333450433,5.001730674301888,3.0,0.9006189024003841,-6.156662186993697,9.594600557341606,88.36526118592285,4.071665662479165,3.0,0.29192305035734983,-5.033955980248186,11.070921852238419,85.55857937605191,1.5036510325441144,3.0,0.272896405109248,-3.012010247891617,10.687048569758552,84.79279756295175,2.1158925222108222,3.0,0.32142899844594364,1.0,0.0,0.0,0.0,1.0,0.0,0.0,0.0,1.0,0.0,0.0,0.0,198
-9.334148690765028,1.1490523301171178,93.24661288714523,3.0520726685914497,3.0,0.43472276123440623,-8.834008823994601,7.308319830574778,97.29779366964118,5.027337258377006,3.0,0.9021823026131801,-6.0565933911551575,9.59311746787617,88.36996249141804,3.952237839359237,3.0,0.2957572814263799,-4.927579962676377,11.025876912301536,85.53186210828292,1.3748684854332665,3.0,0.27430943372937555,-2.905952426220276,10.73661374009371,84.77744761229673,2.4619329979896896,3.0,0.3214283314900291,1.0,0.0,0.0,0.0,1.0,0.0,0.0,0.0,1.0,0.0,0.0,0.0,199
-9.333453966923988,1.177738083650742,93.27588412828871,3.1308193032203078,3.0,0.43472085819250184,-8.779664506312704,7.327896919505854,97.3275204303773,4.898819689697389,3.0,0.9024359799488473,-5.99345353143523,9.631831106432987,88.51095277807441,3.8190305393170925,3.0,0.29639802416411837,-4.831754037963417,11.093125906028382,85.70451003214274,1.38598364649694,3.0,0.2745479698396112,-2.8369972377010892,10.749759139458344,84.91168241789559,2.448984974138319,3.0,0.3214294585685674,1.0,0.0,0.0,0.0,1.0,0.0,0.0,0.0,1.0,0.0,0.0,0.0,200
-9.301733286680127,1.1523234127070439,93.42507868722186,2.6256218368027446,3.0,0.4347172091704993,-8.79097364560855,7.3450793774891,97.46564361579054,4.842543591462153,3.0,0.9026655268865176,-5.956385403574833,9.628539060377081,88.72859242341553,3.9964357785454516,3.0,0.29698336132725794,-4.801939963842636,11.146711137992877,85.92028038707784,1.6595306157949137,3.0,0.2747663231063384,-2.7802911526741885,10.72823836394002,85.10631422331943,2.5709041521483833,3.0,0.3214279107773357,1.0,0.0,0.0,0.0,1.0,0.0,0.0,0.0,1.0,0.0,0.0,0.0,201
-9.304546399465924,1.145833736988606,93.48922703277309,2.2824699469437246,3.0,0.43473238215212306,-8.862628245734586,7.295683487908389,97.48913102087576,4.713229205243766,3.0,0.9025452463533808,-5.964660733379578,9.609416966260847,88.89688156728971,4.246703627108688,3.0,0.2966754469835868,-4.773636836856924,11.150454634137335,86.07674001501138,1.605450324538851,3.0,0.2746517470241685,-2.7382060252097906,10.736583076856622,85.30471324975954,2.730690222357799,3.0,0.32140722369899843,1.0,0.0,0.0,0.0,1.0,0.0,0.0,0.0,1.0,0.0,0.0,0.0,202
-9.37442261694006,1.115147698795855,93.54348320853423,2.2414206030806665,3.0,0.43473973998065385,-8.860205043749351,7.256596634432719,97.58133745825153,4.5322191469692,3.0,0.9025847812742394,-5.971866066050339,9.596709516514617,88.99885069691437,4.171932764366146,3.0,0.29677509551436443,-4.756721749475086,11.132199050101503,86.16749109923177,1.5170781129073658,3.0,0.2746893035691308,-2.7103008190120312,10.72063855558792,85.36599796751811,2.8422008579037574,3.0,0.32138623732009963,1.0,0.0,0.0,0.0,1.0,0.0,0.0,0.0,1.0,0.0,0.0,0.0,203
-9.492997323749703,1.0312357872931097,93.5511739577882,2.2736092360464655,3.0,0.43474946908160467,-8.951200486059701,7.245280838271217,97.64034950744018,4.17947426633899,3.0,0.9025683228789801,-5.979420677116514,9.545419490702892,89.09443469155316,4.346905723271068,3.0,0.2967327278578872,-4.784406117472769,11.099040150763908,86.20582558210273,1.3692941710133366,3.0,0.2746736377933417,-2.7505994842396975,10.69474090255445,85.35382440597338,2.7555451653619936,3.0,0.3213845717677579,1.0,0.0,0.0,0.0,1.0,0.0,0.0,0.0,1.0,0.0,0.0,0.0,204
-9.433765789167907,1.062694987781243,93.63923175588391,2.4825119311538217,3.0,0.434741158916664,-8.98598601223739,7.263141249656355,97.77750337083276,3.925433388977862,3.0,0.9027969291848709,-6.0125190302367795,9.53275093872238,89.16544101564585,4.198726972927574,3.0,0.2973168667311239,-4.807340624944068,11.062813366863784,86.30849709792825,1.3701061932571161,3.0,0.2748921778372585,-2.743824062851441,10.714184342696637,85.45418261334306,2.7584873515872093,3.0,0.32134641575983836,1.0,0.0,0.0,0.0,1.0,0.0,0.0,0.0,1.0,0.0,0.0,0.0,205
-9.434799682201453,1.0373941998254903,93.74409326892476,2.7801423849081828,3.0,0.4347433469723839,-9.049710979668141,7.28113131100912,97.88513368877081,3.5162203001459855,3.0,0.9028800369407841,-6.083257222855179,9.547830382079013,89.2228901903697,3.9107104213286696,3.0,0.2975298076730532,-4.78857084299287,11.055041540281582,86.44180065303631,1.3335228530905452,3.0,0.27497236414136095,-2.709818353580506,10.725773458179672,85.57650669496884,2.6065183906761384,3.0,0.32130574308237453,1.0,0.0,0.0,0.0,1.0,0.0,0.0,0.0,1.0,0.0,0.0,0.0,206
-9.508772075733296,0.9820082671699542,93.79220160246352,2.5655249743493873,3.0,0.4346360074288223,-9.172971374031912,7.306727856633764,98.0381344324504,3.43251008251249,3.0,0.9022331327701691,-6.234089344252236,9.605309400366366,89.46393007964869,3.63439009617897,3.0,0.2958833463576894,-4.833065527615596,10.991799687611456,86.53163350290025,1.3745658359289932,3.0,0.27435730219236837,-2.7225187378673197,10.750485963030462,85.74406521959726,2.6322540247560817,3.0,0.3212762095307892,1.0,0.0,0.0,0.0,1.0,0.0,0.0,0.0,1.0,0.0,0.0,0.0,207
-9.560203023066142,0.9462319804939526,93.83705364781822,2.6018410749560044,3.0,0.434679636581149,-9.374471781403734,7.311870270088407,98.0631426624233,2.9354401184452747,3.0,0.9029233820141012,-6.29982949062587,9.617861383462118,89.65133886520478,3.320938137270859,3.0,0.29757562182022973,-4.866392528530335,10.991892460860177,86.61716143969552,1.5102545762117725,3.0,0.27505233684756203,-2.7378012331972488,10.631468195559142,85.76907683348183,2.4740528049220236,3.0,0.3212552833660547,1.0,0.0,0.0,0.0,1.0,0.0,0.0,0.0,1.0,0.0,0.0,0.0,208
-9.61462601126609,0.9172808830778534,93.83058668776515,2.5222011823525725,3.0,0.4346020759817194,-9.435672863138374,7.350335987231076,98.09067781395014,3.2482653712900778,3.0,0.9028275228788382,-6.338679669161355,9.670644324012217,89.68843203687948,3.3034200550680324,3.0,0.2972805905943417,-4.889742900322842,11.036018552995962,86.73565012141655,1.7725318595910318,3.0,0.274980651594613,-2.708198673453735,10.648943799875903,85.91431275578772,2.3653116000773635,3.0,0.3212215520663536,1.0,0.0,0.0,0.0,1.0,0.0,0.0,0.0,1.0,0.0,0.0,0.0,209
-9.620310540381775,0.9246779080026248,93.85073671661102,2.5599335312924594,3.0,0.43469880822524526,-9.466995327794288,7.368017607155111,98.2059454683288,3.2337261838439133,3.0,0.9029539753428938,-6.417546024650747,9.7034443182105,89.71432100112537,3.3029888203606657,3.0,0.2976649673686223,-4.9407482072529625,11.059611177187138,86.81386064565496,1.9681198616145636,3.0,0.27507525564298413,-2.7441104679335067,10.647857589147186,86.0013483074009,2.209911604803061,3.0,0.3212172162678007,1.0,0.0,0.0,0.0,1.0,0.0,0.0,0.0,1.0,0.0,0.0,0.0,210
-9.56614881614154,0.9432378624495191,93.89677368702239,2.686995695791536,3.0,0.4346719044142318,-9.481817203874819,7.360345449672823,98.30223316466046,3.233412932727599,3.0,0.9029183145388039,-6.511018144397943,9.720505929189665,89.79876479269888,3.3514434316801096,3.0,0.29755564719149963,-5.017691079608388,11.027832177463925,86.89110049368124,2.09676859790423,3.0,0.27504834896464336,-2.8084530524781597,10.652283762354747,86.11632923813264,2.2301708276986627,3.0,0.32121600445905224,1.0,0.0,0.0,0.0,1.0,0.0,0.0,0.0,1.0,0.0,0.0,0.0,211
-9.608988492177861,0.9370816123584362,93.96431079172217,2.732101796398318,3.0,0.43465938853964675,-9.489126485285809,7.342135442859878,98.35695453119263,3.1797931477384793,3.0,0.9029053030690568,-6.617629551517178,9.729306905066212,89.94749707021512,3.3842799472071623,3.0,0.2975140294583691,-5.1087159495551315,10.984251129434783,87.04057496948117,2.0178262040981463,3.0,0.2750386754310812,-2.8827067753859272,10.688346767213444,86.31189142533292,2.3307611358855067,3.0,0.3212168904051145,1.0,0.0,0.0,0.0,1.0,0.0,0.0,0.0,1.0,0.0,0.0,0.0,212
-9.597192962796862,0.9438303473708038,94.02022591237403,3.1079756966578067,3.0,0.43460057080063497,-9.538931894848037,7.3140474428437425,98.53369809677119,3.241077580005746,3.0,0.9028379453614834,-6.776212826951525,9.711599605815957,90.08258051238896,3.56824945284446,3.0,0.2973024942991086,-5.300538531736147,10.962234198289675,87.1360287974442,2.3122567504020113,3.0,0.27498825195505877,-3.014264506463146,10.703673943206828,86.49549945460632,2.767378802469389,3.0,0.3212220917197461,1.0,0.0,0.0,0.0,1.0,0.0,0.0,0.0,1.0,0.0,0.0,0.0,213
-9.554037865804236,0.9772782200942375,94.10649247653832,3.3596553779012908,3.0,0.4345540669062923,-9.713577638081597,7.228724964992992,98.48622150821323,4.360836876420463,3.0,0.9027801522310048,-6.8527370681026,9.710205026054103,90.3388650841968,3.3023137856910716,3.0,0.29712509909084783,-5.443076705636129,10.95327085695689,87.21097628102112,2.2070844524973627,3.0,0.27494503546725474,-3.097400860527394,10.773874414774285,86.72187405947778,2.5023356887527517,3.0,0.3212232981179097,1.0,0.0,0.0,0.0,1.0,0.0,0.0,0.0,1.0,0.0,0.0,0.0,214
-9.598242238918653,1.010965294130231,94.12035153914283,3.3900460039094775,3.0,0.43454052546156746,-9.767538065903572,7.23672006557941,98.66708677759652,4.7514350652404636,3.0,0.9026255314726017,-6.980412740050338,9.726339866798916,90.52573774903362,2.9658863255085355,3.0,0.2968791818434366,-5.6285324249654085,10.95299120080765,87.28721979827135,2.0811268089363075,3.0,0.27472802386955725,-3.20431757339306,10.819002190231656,86.92436127149587,2.4259410374284616,3.0,0.3212220634996761,1.0,0.0,0.0,0.0,1.0,0.0,0.0,0.0,1.0,0.0,0.0,0.0,215
-9.674151185574429,1.004131094369272,94.17314419855775,3.361542275621975,3.0,0.43449528243351127,-9.82178790004407,7.303033970828871,98.79065517607125,4.197709601370146,3.0,0.9027170880543521,-7.200171103372823,9.700780887297451,90.60355239149769,3.4080620359093943,3.0,0.29692734382217995,-5.808982462945685,10.923309457432676,87.38264359914123,2.3078811277482436,3.0,0.27489845426089693,-3.422746291473397,10.907247435338117,86.99366492230556,2.605283812452161,3.0,0.3212186992572865,1.0,0.0,0.0,0.0,1.0,0.0,0.0,0.0,1.0,0.0,0.0,0.0,216
-9.795804030305924,1.017929360990833,94.17489291099255,3.3068268542195955,3.0,0.4346000515836602,-10.229929220265777,7.143466940291076,98.5156277668601,5.141703607313027,3.0,0.9028407039460463,-7.576974091088095,9.637802188708458,90.5707548545646,3.024675556287981,3.0,0.2973232014529657,-6.0503213526828254,10.906970449851718,87.4375059788912,2.345344512813924,3.0,0.27499316719433914,-3.7321152401309634,10.869030156822866,87.03024210910519,2.5288405266000686,3.0,0.32121788044176536,1.0,0.0,0.0,0.0,1.0,0.0,0.0,0.0,1.0,0.0,0.0,0.0,217
-9.905973995848646,0.969165674935547,94.1573928121657,3.18347987846655,3.0,0.4346895718295269,-10.378099815163319,7.117500788220319,98.71595371128777,5.05305996423115,3.0,0.9029560462916868,-7.802892684144556,9.613812389407885,90.7432542248732,3.9468349388881436,3.0,0.29766716948399546,-6.432046915440648,10.81194484001975,87.55914487207724,2.2251219182191124,3.0,0.2750779376468448,-4.057834558751818,10.922947043925992,87.13741016636205,2.6954686591354533,3.0,0.3212181302362506,1.0,0.0,0.0,0.0,1.0,0.0,0.0,0.0,1.0,0.0,0.0,0.0,218
-10.012817492153703,0.9705422153845685,94.25849389541237,3.229142396434414,3.0,0.43475299612068685,-10.542373094220089,7.075152309640942,98.8770806191283,4.853357933856388,3.0,0.9030155572395799,-8.097874993780003,9.640223196127927,90.81947138192074,4.266629620159615,3.0,0.29788072109062774,-6.769469992629899,10.864775218581935,87.78689690177872,2.2138275367303932,3.0,0.2751032246372486,-4.37726143775177,10.806158805815752,87.29500312054564,2.910672464172402,3.0,0.32122973358835066,1.0,0.0,0.0,0.0,1.0,0.0,0.0,0.0,1.0,0.0,0.0,0.0,219
-10.144181465016388,0.941088639498971,94.28471921992697,2.8085919601133615,3.0,0.4347798793929811,-10.913390149525119,6.966696104369688,99.0538348355211,3.9813994159290176,3.0,0.9022460433257892,-8.55541053120882,9.587506138729701,91.04409261556998,5.101439938522561,3.0,0.2959173259699705,-7.270494308671082,10.836609426048401,87.84729381507736,3.086433154208257,3.0,0.2743690429236794,-4.844127937529703,10.796193093848059,87.33181080753293,3.6938400993285625,3.0,0.3212302560394135,1.0,0.0,0.0,0.0,1.0,0.0,0.0,0.0,1.0,0.0,0.0,0.0,220
-10.154287005767685,0.900862282100674,94.47080593291841,2.3675120527343725,3.0,0.434790725992552,-11.24672515104518,6.830558823719003,99.24640463794825,3.2459276433471356,3.0,0.9020438564093167,-8.95571657623665,9.5014492657508,91.45380011301361,6.15501211903895,3.0,0.2954093320822639,-7.865829323226204,10.871784842859068,87.98781672901961,4.5784296584749775,3.0,0.2741803270460044,-5.465785714658306,10.87295801766197,87.4222330313762,5.093010807524832,3.0,0.32122781028792025,1.0,0.0,0.0,0.0,1.0,0.0,0.0,0.0,1.0,0.0,0.0,0.0,221
-10.07981442785765,0.9023124376699068,94.61164381096985,2.5319877175035717,3.0,0.4347922024612226,-11.51857513402773,6.755989923714809,99.71571667510494,2.9152810099635555,3.0,0.8930893578601469,-9.529871784162973,9.447220284213332,91.53080598087622,6.990986636046228,3.0,0.2757515966647069,-8.535970505043524,10.826300396221013,88.08643070724511,5.635492055177457,3.0,0.26720106439595637,-6.089589357839845,11.012782072951056,87.62309762361734,6.319678880873535,3.0,0.32122598772304356,1.0,0.0,0.0,0.0,1.0,0.0,0.0,0.0,1.0,0.0,0.0,0.0,222
-10.210034775835405,0.845600371892747,94.52648756720261,2.9463529699756488,3.0,0.434780803214792,-11.84550724334596,6.631762145437232,99.83999571792543,2.5024655676935197,3.0,0.8798368771274926,-10.055874377587832,9.394440500456396,91.57399884934699,6.612635764660993,3.0,0.2538455798479521,-9.0566350183181,10.813794098627508,88.2389688459168,5.10091557289224,3.0,0.26010251804746476,-6.7371499174428395,10.914500460564456,87.82418204995304,6.190631307507509,3.0,0.32124482001189014,1.0,0.0,0.0,0.0,1.0,0.0,0.0,0.0,1.0,0.0,0.0,0.0,223
-10.309825820995627,0.8850990188538272,94.53922455840743,3.1512451190518456,3.0,0.43479250591120744,-12.143256489849604,6.556632884354875,99.81459685567842,2.0423058849148448,3.0,0.8731326127914039,-10.46989559392893,9.318605675328078,91.58059433160645,5.664870916685524,3.0,0.24498511134699008,-9.672137718106168,10.767614579299657,88.21141133743397,3.3135889605167086,3.0,0.25741523278150724,-7.1800503596193375,10.763096264098882,87.65367353147836,4.624055414281131,3.0,0.32122663505035715,1.0,0.0,0.0,0.0,1.0,0.0,0.0,0.0,1.0,0.0,0.0,0.0,224
-10.434025705039645,0.8696647294458608,94.46251834803152,3.8115892288352042,3.0,0.43480841074932725,-12.431654482440495,6.476736698539874,99.7047893396341,1.4486067282896489,3.0,0.8542168887065218,-10.801182567841808,9.34338473141529,91.57584160208235,4.637374531662393,3.0,0.22539296495159752,-10.063861665694116,10.698748490589619,88.2115696025906,2.3124568123643794,3.0,0.2518357796683849,-7.621519359070505,10.690741935275842,87.37925122260994,3.2271888726354945,3.0,0.23768046498298645,1.0,0.0,0.0,0.0,1.0,0.0,0.0,0.0,1.0,0.0,0.0,0.0,225
-10.41352811976525,0.8737367862090669,94.47747701356748,4.254042627013401,3.0,0.4348761412598595,-12.557832342504108,6.373192487930569,99.6921140291144,2.052497159734459,3.0,0.8435628072303006,-10.980830795571437,9.377757449843493,91.55270425800326,3.8705663737290763,3.0,0.2169399125725011,-10.31697519596654,10.697062208981619,88.23930149050548,2.010127709794584,3.0,0.24958815805798093,-7.945197669603501,10.545598563527994,87.15765334710615,3.0192502613482888,3.0,0.11884023249149323,1.0,0.0,0.0,0.0,1.0,0.0,0.0,0.0,1.0,0.0,0.0,0.0,226
-10.327268310678726,0.9330599393328377,94.57501690199283,4.6121477879312565,3.0,0.43557284295080245,-12.593501017495463,6.431061846839635,99.81391885828964,2.4048112533393393,3.0,0.8379573078132063,-11.01042728154523,9.384982785223126,91.59186765372091,3.3618397171638015,3.0,0.21306134455860237,-10.414952483362665,10.677881123369716,88.2547024049456,1.545257160049242,3.0,0.24859175844335582,-7.944591586634651,10.491106651220706,87.17171925164111,3.2456210403790546,3.0,0.05942011624574661,1.0,0.0,0.0,0.0,1.0,0.0,0.0,0.0,1.0,0.0,0.0,0.0,227
-10.319679544821488,1.0124215966975485,94.63118866359692,4.9586990172052365,3.0,0.4356269001629569,-12.545833984680845,6.520283276824317,99.96484620705309,2.867175070256828,3.0,0.8340636285923994,-10.986351493391947,9.330389416203134,91.71713336439583,3.3382727045842215,3.0,0.21056877105177188,-10.463669819110363,10.678857802812113,88.35571832766468,1.4111853436621604,3.0,0.247963451245363,-7.959778940796939,10.223017638430196,87.56134352755451,0.3608859174545211,2.0,0.3195524277379994,1.0,0.0,0.0,0.0,1.0,0.0,0.0,0.0,1.0,0.0,0.0,0.0,228
-10.263632719193945,1.0493876600677912,94.68922930122608,5.072153144719959,3.0,0.43560926011992573,-12.479133583281056,6.590384807432573,100.03821398600918,2.754712050579037,3.0,0.8825663985964207,-10.873119177992443,9.226439365180433,91.79340779397033,3.435354375408265,3.0,0.2578460609193444,-10.50487820770086,10.612908189338276,88.31805296848552,1.0938078537521716,3.0,0.2613461146071786,-7.943787500194152,10.414491904406677,87.36753519365799,3.059614113449618,3.0,0.3200145267232554,1.0,0.0,0.0,0.0,1.0,0.0,0.0,0.0,1.0,0.0,0.0,0.0,229
-10.269241327492765,1.0940543383146952,94.72356010251099,5.06939775786238,3.0,0.4351227727662361,-12.461847539079807,6.600083086128207,99.87185147706533,2.3602257707180114,3.0,0.9009774849189649,-10.815490352505655,9.15584216881723,91.931160674451,3.5259307105418087,3.0,0.2928164321728487,-10.540117010547224,10.471861599305642,88.25586951863369,0.8778046461937913,3.0,0.2732146500545971,-7.950023747629121,10.353322942927504,87.28800331071578,2.7530253126030715,3.0,0.3178764915758518,1.0,0.0,0.0,0.0,1.0,0.0,0.0,0.0,1.0,0.0,0.0,0.0,230
-10.254362991788764,1.0571112843641164,94.74569601204819,4.9602212303735085,3.0,0.434893696562667,-12.508432620578684,6.542345185151138,99.7938125359517,2.228232831656768,3.0,0.9006673041960097,-10.918560650452251,9.0487702540244,91.92674269931992,3.8237825218445445,3.0,0.2920404061736129,-10.69762252739151,10.288940264128225,88.06350838561877,1.0121837245889507,3.0,0.27293891013768756,-8.035676155482085,10.337143766445019,87.21603710366122,2.876896460209187,3.0,0.31172273752921903,1.0,0.0,0.0,0.0,1.0,0.0,0.0,0.0,1.0,0.0,0.0,0.0,231
-10.225179336264597,1.0334710947187735,94.80533215815596,4.9848944026623165,3.0,0.4348799048056432,-12.532485800886766,6.600016293653443,99.65483356407752,3.0703828433710285,3.0,0.9024833670056678,-11.008875804931948,8.939235807429647,91.88541396261803,4.1743752513070405,3.0,0.2965190849022132,-10.821463096650174,10.188242781058817,87.9694815820731,1.128495727429665,3.0,0.27459325350103575,-8.086706732524327,10.370404693285598,87.24304390774047,2.7156406983386128,3.0,0.3015973357738726,1.0,0.0,0.0,0.0,1.0,0.0,0.0,0.0,1.0,0.0,0.0,0.0,232
-10.217952248571866,1.0675353456561223,94.83015511985232,4.707928080671734,3.0,0.4349614991115803,-12.649157048907522,6.636539368541907,99.75519000182399,3.143643500621145,3.0,0.9021050045432492,-11.103320871916884,8.884232977673458,91.91136091718285,4.529769802312525,3.0,0.29556139424383215,-10.936283642089426,10.143884892479344,87.916458633143,1.2559984846717587,3.0,0.27423856114382567,-8.160065878202296,10.386256080495444,87.31179115907008,2.883429107745877,3.0,0.29137655871902374,1.0,0.0,0.0,0.0,1.0,0.0,0.0,0.0,1.0,0.0,0.0,0.0,233
-10.230683873519718,1.0994664658700717,94.84554967260488,4.793666529627409,3.0,0.4348867937639472,-12.747131791713006,6.614934793678808,99.64005906210757,2.718560744696328,3.0,0.90212384066461,-11.25659854377823,8.837621040593843,91.87945384361893,4.7984904304410225,3.0,0.29559477859968175,-11.071792450193039,10.041742848791811,87.86276287409365,0.824104090006535,3.0,0.274260406753132,-8.205125104766925,10.363724979814519,87.30313740376654,3.007072787679937,3.0,0.28054945015657456,1.0,0.0,0.0,0.0,1.0,0.0,0.0,0.0,1.0,0.0,0.0,0.0,234
-10.270391826496038,1.058602815336163,94.76307204155205,4.79638920109711,3.0,0.43482748683925376,-12.797291110090512,6.600712770707276,99.61892278141335,2.52677922062771,3.0,0.898176756644359,-11.393576893082333,8.817972918687746,91.80778934826328,4.864826966510774,3.0,0.2774140238761902,-11.269937787646212,9.949182520060463,87.82899258257446,0.8527998711776495,3.0,0.27086662733548283,-8.294640157842311,10.397000978608837,87.24097441296703,2.8848494759645136,3.0,0.26142097739694165,1.0,0.0,0.0,0.0,1.0,0.0,0.0,0.0,1.0,0.0,0.0,0.0,235
-10.367603314240158,1.0351933801064455,94.65051985167182,4.736124602556706,3.0,0.43481610880109867,-12.931147418729246,6.507661089563499,99.54610331449125,2.3620768669461802,3.0,0.9023350664633811,-11.807983599609415,8.87206934252483,91.63044965750476,4.5416161137724265,3.0,0.2234380543231964,-11.68909530147951,9.82803458343153,87.86481733957662,2.353505682866121,3.0,0.27445469437838144,-8.518680502532087,10.625312471360315,87.23537180387773,3.6542262156100427,3.0,0.2579535173025467,1.0,0.0,0.0,0.0,1.0,0.0,0.0,0.0,1.0,0.0,0.0,0.0,236
-10.473085193233718,1.06865153636035,94.5667745507292,4.382606781632059,3.0,0.4347976945023197,-13.357465307427637,6.4285856828669035,99.8215602042987,2.3201672275321865,3.0,0.9030144807577312,-12.386898411695986,8.845162245367845,91.78785472457012,6.122867413233365,3.0,0.1751655489206314,-12.620576483731787,9.674080351694293,87.88946679342033,6.790347702577321,3.0,0.27510673730788954,-8.470064874395572,10.284283959046398,86.9844603546829,2.178349249905401,3.0,0.25493979389581123,1.0,0.0,0.0,0.0,1.0,0.0,0.0,0.0,1.0,0.0,0.0,0.0,237
-10.453043321524207,1.0392842317020832,94.30721763237268,4.41329169691162,3.0,0.43479910350033135,-13.492963471915676,6.485477493788714,99.8166575155747,2.404781036873803,3.0,0.9030939977300878,-12.643907206517923,9.472502871819529,92.85905884911836,7.762323482278629,3.0,0.21195334196090698,-13.069092800797318,10.675691642715785,89.64622540798331,7.008633104260517,3.0,0.2751797688859304,-8.119705719887676,10.463936759159543,87.4987944850442,3.5466337994425388,3.0,0.2571609883253755,1.0,0.0,0.0,0.0,1.0,0.0,0.0,0.0,1.0,0.0,0.0,0.0,238
-10.389073704437456,1.1431149056133165,94.32551146193059,5.6840609769341945,3.0,0.43479861564920264,-13.704580762410593,6.5080562556556245,99.67825576100435,3.966983969558218,3.0,0.903094564443936,-13.095589646848582,9.749046072096933,93.22116030230552,8.944974169206544,3.0,0.19262492656707764,-13.488166614329723,11.034719843940794,89.717139110644,7.302940981568969,3.0,0.27518017685213947,-8.079933104899787,10.261543586698334,87.28025079675041,4.999639197641425,3.0,0.2559532863316998,1.0,0.0,0.0,0.0,1.0,0.0,0.0,0.0,1.0,0.0,0.0,0.0,239
-10.299890446062712,1.2217076330610683,94.09939567749882,4.932875460206031,3.0,0.4348060073455375,-14.061366934347813,6.249660845522785,99.42462184349012,6.946024833997437,3.0,0.90309491410117,-13.765046031785397,10.022968895521876,93.29793292328493,7.307668375170652,3.0,0.29809233214077385,-14.393431753868006,11.417717213929146,89.62975272741035,4.95850718640987,3.0,0.2751803922871529,-7.566706130950333,10.378741294198743,87.29063585130623,5.876167121755164,3.0,0.31919625949141983,1.0,0.0,0.0,0.0,1.0,0.0,0.0,0.0,1.0,0.0,0.0,0.0,240
-10.172695202492672,1.3753139586936358,94.27728369434016,4.332932662948007,3.0,0.43481858172768717,-14.04197624836212,6.442696495531818,99.58476263976547,7.444753522562579,3.0,0.9030948850319696,-13.723962604242153,10.51647887691023,93.86751720289203,7.070765352768412,3.0,0.29810250855570664,-14.349060071032646,11.929413035968643,90.28458742373348,5.039020884476291,3.0,0.2751801092511319,-7.001626442784055,10.437527225081052,87.25337861007735,5.940948208646862,3.0,0.32084106560668996,1.0,0.0,0.0,0.0,1.0,0.0,0.0,0.0,1.0,0.0,0.0,0.0,241
-10.114282034563761,1.4096295882907692,94.5846064720465,3.776965298484074,3.0,0.43482880119750333,-13.904298839624877,6.498482671562497,99.74973830776968,7.2711980619376435,3.0,0.9030944634162877,-13.455491395625705,10.89216758798701,94.3539173554371,6.329172603705662,3.0,0.2981169192987128,-13.964907336459394,12.219849456510644,90.6547182752341,3.234990300634737,3.0,0.27517946435019225,-6.431127452904213,10.486847641635643,87.22648846648404,5.14107564628445,3.0,0.3211515565741577,1.0,0.0,0.0,0.0,1.0,0.0,0.0,0.0,1.0,0.0,0.0,0.0,242
-10.171568252504237,1.3402110083700467,94.787955828539,2.9849917789300364,3.0,0.4348018122420138,-13.700329416992165,6.539056303382933,99.56718466778096,6.338183291684129,3.0,0.9030936375417302,-12.904207035708687,10.878468106590834,94.3828970188098,4.767170795732093,3.0,0.298091313209388,-13.414621496314638,12.168810454034597,90.65286589197532,3.94826072227011,3.0,0.27517893123827225,-6.030594503089898,10.580852156529069,87.2168363127263,3.101206321177324,3.0,0.3212042689253537,1.0,0.0,0.0,0.0,1.0,0.0,0.0,0.0,1.0,0.0,0.0,0.0,243
-10.08055640984754,1.436324480655586,94.94214220405075,2.7412748877906936,3.0,0.4348042724628925,-13.530729393643048,6.3187599795043345,99.31172191433787,5.5036515844248255,3.0,0.9030945545623262,-12.573410748544106,10.33438041576762,93.30538866718564,4.67573982273045,3.0,0.2980896141869041,-12.84770245385987,11.578389422298917,89.66457424328247,5.05196942459293,3.0,0.27518006970958087,-6.09121947940232,10.635760220413218,87.36491379979917,2.8086997219334813,3.0,0.32117181315819165,1.0,0.0,0.0,0.0,1.0,0.0,0.0,0.0,1.0,0.0,0.0,0.0,244
-10.140324604587114,1.411970238536915,94.7454120300658,3.086971044962832,3.0,0.43479393333888855,-13.508966257328137,5.931862301835149,98.49795097607468,4.659612625352732,3.0,0.903087856513111,-12.349529667684292,9.930361661462527,91.95406466210223,1.8628638096180563,3.0,0.2980650020503141,-12.479358277476724,11.158472822876261,88.43649325682705,4.292796875349685,3.0,0.2751751816519122,-6.3932847496501655,10.719251064247882,87.0935806053163,3.9019566620499133,3.0,0.3211813699691347,1.0,0.0,0.0,0.0,1.0,0.0,0.0,0.0,1.0,0.0,0.0,0.0,245
-10.226489184416014,1.3815931560263315,94.59860843968467,3.9151576532108225,3.0,0.43479822546278807,-13.466675139836394,6.169648686562514,98.49025607356442,4.8644139475009345,3.0,0.9030911852198592,-12.240323018352386,10.455332494326674,91.87243688551703,4.816105380837236,3.0,0.29807966785345696,-11.949187218569419,11.70059159460999,87.96141281402878,2.684824086085777,3.0,0.27517824512515915,-6.723758209381102,10.860441379286497,87.09329759390332,4.777547861284088,3.0,0.32098119320348595,1.0,0.0,0.0,0.0,1.0,0.0,0.0,0.0,1.0,0.0,0.0,0.0,246
-10.231404827302478,1.1930222225031921,94.60137763435205,4.03350362863818,3.0,0.43480176954977995,-13.362372000204516,6.259480639415096,98.92839141806924,5.052955567717184,3.0,0.9030936816463688,-12.303881855742684,10.701491061861264,92.64695618156364,10.511426053387678,3.0,0.2980887161508894,-12.17981270138048,12.286909141654736,88.40808481658073,8.256183231601442,3.0,0.27518245927795454,-7.112587110134107,10.886412146478254,87.46672428227517,4.4228966364076205,3.0,0.3209688233733671,1.0,0.0,0.0,0.0,1.0,0.0,0.0,0.0,1.0,0.0,0.0,0.0,247
-10.180978119930609,1.1482248103378705,94.7402847575932,3.3641266056125247,3.0,0.43480065553239583,-13.698736047218556,6.549345900664482,99.11540116167086,5.47332932079966,3.0,0.9030890655765638,-13.057827504230396,11.359845636915512,93.67641844479668,11.419341941026014,3.0,0.2980836144030014,-12.604407108327614,13.289697140907572,89.99403409497799,9.731586636905229,3.0,0.27517895516595064,-7.494931188073391,10.705558133337894,87.81804181959592,3.7924732090545255,3.0,0.3207723964848088,1.0,0.0,0.0,0.0,1.0,0.0,0.0,0.0,1.0,0.0,0.0,0.0,248
-10.222848337412678,1.1992693672244608,94.73592101891688,3.323772532156356,3.0,0.43480029401861486,-14.073147030676216,6.589020846543679,99.30346503937994,6.467524193841888,3.0,0.9030907179190694,-13.747852359165732,11.850502041245843,95.00104375393008,12.463406345703682,3.0,0.29807915869326573,-13.832651827807231,13.973447770441037,91.76465906856824,10.989784714570108,3.0,0.2751779241439942,-7.79629875811702,10.724850469191333,87.89940242802282,2.649168953359734,3.0,0.3207218083438788,1.0,0.0,0.0,0.0,1.0,0.0,0.0,0.0,1.0,0.0,0.0,0.0,249
-10.279986524338623,1.231872440201853,94.580867837309,3.332653938080495,3.0,0.4348061522180704,-14.449796229066157,6.744668057050629,99.49417755057492,5.786642895350539,3.0,0.9030941595748784,-14.30003403462904,12.440679915218475,95.53083980940755,11.893009215500092,3.0,0.2981109699903009,-14.154814580436211,14.568997960542632,92.25158141109428,10.981543345010657,3.0,0.27517985849323595,-8.05809375285235,10.61867820015516,87.7097909201164,2.666149515712989,3.0,0.321156946214994,1.0,0.0,0.0,0.0,1.0,0.0,0.0,0.0,1.0,0.0,0.0,0.0,250
-10.384145831015022,1.3480353417281998,94.48782274019777,3.6661009588149986,3.0,0.43480140547303586,-14.728606007334387,6.801897562064655,99.84139568683092,5.110816928917516,3.0,0.9030945429204006,-14.834937380137543,12.742142078949962,95.92808504435318,8.739676456361144,3.0,0.29809654689846765,-14.56495940420154,15.080869352360478,92.8335230728633,7.506570237877114,3.0,0.2751797915085501,-7.922810135573421,10.550604312138923,87.67902138330152,3.8241069093297035,3.0,0.32048738254768183,1.0,0.0,0.0,0.0,1.0,0.0,0.0,0.0,1.0,0.0,0.0,0.0,251
-10.483142295001125,1.4106051386828655,94.68742209290467,3.9071086244564968,3.0,0.4347857658486521,-14.963401061514428,6.785515572383883,99.96682577674292,4.8031446980747114,3.0,0.9030724772420805,-15.770914351030818,13.106109068898826,95.71019581045778,5.873743427863741,3.0,0.2980295079753672,-15.2442548800817,15.355734290963234,92.91010846121867,4.6319371179887865,3.0,0.27516543115376574,-7.635197325057579,10.470259295688868,87.60799733885486,4.531740431491977,3.0,0.32121065861765136,1.0,0.0,0.0,0.0,1.0,0.0,0.0,0.0,1.0,0.0,0.0,0.0,252
-10.399238285053647,1.4645797675313645,94.91050441695803,3.72754384694144,3.0,0.43472283767289477,-15.126721968347349,6.7595549702043165,100.0059443852104,4.698730307804224,3.0,0.9029984538806578,-16.049839551363974,13.077221379474137,95.79613439467383,5.98010351673534,3.0,0.2977901208810849,-15.522948814445535,15.280732094223833,92.91918086105456,4.119333596415685,3.0,0.2751083980973012,-7.135615624807049,10.521383886258024,87.57759603161092,4.179813588898003,3.0,0.3212111399784592,1.0,0.0,0.0,0.0,1.0,0.0,0.0,0.0,1.0,0.0,0.0,0.0,253
-10.269185849538683,1.517395519157869,95.10548092365129,3.4757930229938396,3.0,0.43475855177992523,-15.394613829779614,6.666902408752508,99.9330148939564,3.743506225842614,3.0,0.9030332730511441,-16.236274636012016,12.993553579358657,95.7384163126764,6.200169137014309,3.0,0.29790371314074243,-15.60420440496471,15.227139974178327,92.90358150123832,3.8832080050329836,3.0,0.2751342178920489,-6.656689378240597,10.579131511615264,87.40817869149787,2.9768289143978244,3.0,0.3212112060923638,1.0,0.0,0.0,0.0,1.0,0.0,0.0,0.0,1.0,0.0,0.0,0.0,254
-10.321507148738842,1.5305392409397487,95.13859307837706,3.7023066207677577,3.0,0.43477966104404536,-15.662962789613305,6.65519366263352,99.87878136904307,2.984122430081539,3.0,0.9030544742186213,-16.366059173314877,12.971635291418918,95.66024361350928,6.426457973746316,3.0,0.29797256003684025,-15.640515382702048,15.183823495531644,92.93788011005816,3.8981629643355156,3.0,0.27515002220148543,-6.32623274107652,10.600018640765427,87.38094172053293,1.749369642804113,3.0,0.321211842876604,1.0,0.0,0.0,0.0,1.0,0.0,0.0,0.0,1.0,0.0,0.0,0.0,255
-10.272887838743108,1.5645022712975465,95.25951180450417,3.8945497706854106,3.0,0.43479823244086313,-15.889873215424902,6.712113575266891,99.71113167435115,1.5544706194023277,3.0,0.9030539734075964,-16.404217739951036,12.978470354251998,95.70300548247505,6.22801214756787,3.0,0.2979995486635018,-15.624914016328189,15.263697438892141,92.9429049232625,3.4554546031821687,3.0,0.2751490943061871,-6.268995720324168,10.598706390413493,87.42592556923779,1.819507778649836,3.0,0.3212120494098813,1.0,0.0,0.0,0.0,1.0,0.0,0.0,0.0,1.0,0.0,0.0,0.0,256
-10.37861144095122,1.6068436515272717,95.21986945555932,3.9546594702893905,3.0,0.4347897605966797,-15.994739273690032,6.597586844869977,99.58280790014685,1.342681585347023,3.0,0.9030417270682671,-16.442681771514998,12.890229310234622,95.7890774862913,6.14465110780224,3.0,0.297950245261482,-15.550789018294028,15.290488923099396,92.86524997532867,3.0973302519704,3.0,0.2751401577373196,-6.450012225139592,10.628948145697644,87.40861429187989,3.228187723031953,3.0,0.32121227481969195,1.0,0.0,0.0,0.0,1.0,0.0,0.0,0.0,1.0,0.0,0.0,0.0,257
-10.30010180801866,1.6548034145924813,95.27221618355418,3.7582038402458573,3.0,0.4348016140762114,-16.032780816158688,6.607273281154645,99.60198690467003,0.31047747336908177,3.0,0.9030461890938696,-16.539173146735756,12.778926149513689,95.86650069285636,6.517032610082595,3.0,0.2980653120053272,-15.68963749181252,15.28708483980058,92.81365829852315,3.23655361573871,3.0,0.27514155352198777,-6.693987114511808,10.698446295577346,87.43957082591432,3.9586268531686843,3.0,0.32121223013956457,1.0,0.0,0.0,0.0,1.0,0.0,0.0,0.0,1.0,0.0,0.0,0.0,258
-10.784312303759686,1.506327151283744,94.95386927842408,4.608706851037019,3.0,0.434799807108311,-16.099971046878515,6.46245397370148,99.56630780579492,0.4204792958178436,3.0,0.9030371675045652,-16.648972862709456,12.752026581367268,95.86624745445752,6.602077807535918,3.0,0.2980762894623914,-15.775968307857081,15.275266186426487,92.77741127727418,3.305175479360129,3.0,0.27513184239468413,-7.074484548501745,10.700513730008872,87.49096903284111,4.650656691002873,3.0,0.32121203220932587,1.0,0.0,0.0,0.0,1.0,0.0,0.0,0.0,1.0,0.0,0.0,0.0,259
-10.807702234903273,1.4803809259109322,94.96041613029449,4.564812358719398,3.0,0.4347989695089358,-16.212086280782426,6.330647609718268,99.48864496125688,0.7132166155352166,3.0,0.9030341606357652,-16.793540297052374,12.733715391122013,95.78415841437001,6.573235791554699,3.0,0.2980725795332638,-15.807958893894792,15.29982667058488,92.78188612198753,3.166693400682005,3.0,0.27512534446278264,-7.529221857564267,10.679515399910263,87.55249028444695,4.075388074193734,3.0,0.3212119770852776,1.0,0.0,0.0,0.0,1.0,0.0,0.0,0.0,1.0,0.0,0.0,0.0,260
-10.85856827913474,1.4839506236354998,94.90248433528888,4.32089281583738,3.0,0.4348004501051936,-16.232470630154587,6.252065737773121,99.56913975414153,1.2129572502549164,3.0,0.903010914388189,-16.886436941088153,12.701915713110774,95.71296881170646,6.7718866441837475,3.0,0.2980733354741736,-16.02725388157347,15.153410557972627,92.77903813113804,3.136645903618921,3.0,0.27510320971541075,-7.914434973986082,10.628035272166338,87.54448032030787,2.6814865604147458,3.0,0.32121245294253353,1.0,0.0,0.0,0.0,1.0,0.0,0.0,0.0,1.0,0.0,0.0,0.0,261
-10.936254413457242,1.4717885086122218,94.835183129463,4.183308763384435,3.0,0.434799240414485,-16.392693667933713,6.198514738513289,99.48455427421227,1.4236807980367612,3.0,0.9030184315673628,-16.999080958106855,12.754427220316055,95.54677346639308,5.970195419564391,3.0,0.2980860659416164,-15.986187055638755,15.015100980616207,92.8271000566929,2.7546917359014045,3.0,0.27511440803219384,-7.971220121087244,10.581472680656864,87.5740625621414,2.3069704731203204,3.0,0.3212128416586632,1.0,0.0,0.0,0.0,1.0,0.0,0.0,0.0,1.0,0.0,0.0,0.0,262
-10.80768918401912,1.4960632579853528,94.81834258030571,3.6938797958391327,3.0,0.43479928419341,-16.49340970137573,6.1350826818203394,99.49758436158503,1.956984437721214,3.0,0.9030273359099771,-17.02899016662872,12.623048118596857,95.55769782757024,6.112614360991952,3.0,0.2980877858349943,-15.969005054819968,14.91125741816357,92.9208091488338,2.544694879636428,3.0,0.2751171959960202,-7.846156054138566,10.54878616933137,87.68770003617361,3.0712287359631403,3.0,0.32121259959584814,1.0,0.0,0.0,0.0,1.0,0.0,0.0,0.0,1.0,0.0,0.0,0.0,263
-10.795600843589943,1.4997981657058872,94.96785723044951,3.7165316854962227,3.0,0.4347993921557905,-16.63195454739434,6.111081339973591,99.50765012684174,1.954177923772208,3.0,0.903039659875081,-17.08758142716153,12.546249730022,95.590206604531,6.294265946931172,3.0,0.2980884691552911,-16.060507507322967,14.855315259330474,92.9340549802831,2.551070889421684,3.0,0.27512405097443043,-7.648555719687392,10.53585952577167,87.72403774465764,3.3479789137268177,3.0,0.32121209785212934,1.0,0.0,0.0,0.0,1.0,0.0,0.0,0.0,1.0,0.0,0.0,0.0,264
-10.717641478696672,1.5040437894576517,95.14367149339519,3.791736436238711,3.0,0.4347992194553757,-16.80016572310397,5.952393547345201,99.39934263744942,1.6300888800172038,3.0,0.9029572222191689,-17.111898085591264,12.590213197503203,95.66419638008225,5.965458001207316,3.0,0.29808819082821647,-16.16688319027533,14.760476355879536,92.86141299212439,2.552891316693583,3.0,0.27501582659243706,-7.244337236176285,10.547075844487823,87.72171283939473,3.676425013754002,3.0,0.3212120843089989,1.0,0.0,0.0,0.0,1.0,0.0,0.0,0.0,1.0,0.0,0.0,0.0,265
-10.302785673997944,1.7248277492300503,95.5283431423515,3.147488721494508,3.0,0.43479919880143175,-16.884586104661405,5.962343628366462,99.2551432312932,0.9082197598950192,3.0,0.9029749341785562,-17.109757222037494,12.515487932085476,95.70275337184829,6.337101157311166,3.0,0.2980882851253684,-16.148965685329337,14.727081561643553,92.90299726278188,2.8287152629510026,3.0,0.2750396676509915,-6.75660095053757,10.620878684863504,87.81804224344489,2.741961116938175,3.0,0.32121191498367363,1.0,0.0,0.0,0.0,1.0,0.0,0.0,0.0,1.0,0.0,0.0,0.0,266
-10.409227731823462,1.6807911549098913,95.47027703407316,3.1725146516237666,3.0,0.43479892547598525,-16.950163770041765,5.964794042077501,99.17849658408247,0.766452889366147,3.0,0.9030240176252051,-17.101974505372365,12.450107482225695,95.65521458687036,6.459696319491422,3.0,0.2980823296738874,-16.148485066255923,14.655606319337512,92.89270908653926,2.8144679641833927,3.0,0.2750882826952579,-6.549316543092811,10.585414770789118,87.67931830836103,1.839669719294539,3.0,0.321212383774133,1.0,0.0,0.0,0.0,1.0,0.0,0.0,0.0,1.0,0.0,0.0,0.0,267
-10.484695165255715,1.6744735663077088,95.48847613306535,3.080193396819334,3.0,0.4347989185072898,-16.985457745260078,5.918184729007034,99.19189594737969,0.6223202023682315,3.0,0.9030461877092749,-17.10489762615772,12.357992194314981,95.614573608944,6.484671194769515,3.0,0.2980662839582029,-16.14497051705964,14.579527580957153,93.01575974945807,2.672285200041447,3.0,0.2751178714746363,-6.4101400515577,10.617062896589312,87.67374506749391,1.8391289158398598,3.0,0.32121232819746875,1.0,0.0,0.0,0.0,1.0,0.0,0.0,0.0,1.0,0.0,0.0,0.0,268
-10.432307640116749,1.6065999849304795,95.51297575499156,3.356854468638149,3.0,0.4347988459780037,-17.010204295960015,5.915250571033737,99.2540261102906,0.5682485684644293,3.0,0.9030179365919186,-17.101582803576644,12.318763862751204,95.6101276672397,6.271678059183773,3.0,0.298061448760934,-16.132300677023842,14.552209020452542,93.0269589660203,2.3422804991811246,3.0,0.27507826643782224,-6.522529273528615,10.649832169879021,87.54435836724966,3.0438140390785744,3.0,0.32121240321692435,1.0,0.0,0.0,0.0,1.0,0.0,0.0,0.0,1.0,0.0,0.0,0.0,269
-10.267604338565551,1.6105592884444084,95.6775381438103,3.578194215072898,3.0,0.4347951000795521,-17.040439303682383,5.822446457286174,99.2685138259642,0.3570404380103028,3.0,0.9030365262097514,-17.068544317343797,12.228242984265776,95.76223674449051,6.309832751574213,3.0,0.29804711569460485,-16.174229535215126,14.525405347689034,93.12728704421735,2.387719924248256,3.0,0.27511197179282637,-6.8189855680958695,10.650993266302596,87.44251151854631,4.126401254288385,3.0,0.3212121210191463,1.0,0.0,0.0,0.0,1.0,0.0,0.0,0.0,1.0,0.0,0.0,0.0,270
-9.877271564174853,1.7186165664407052,95.96110438105121,4.742524974616299,3.0,0.43479113517274015,-17.095767175617485,5.726468513164101,99.3055233194753,0.5415104222406218,3.0,0.9030143916697002,-17.06883046784896,12.13469686227909,95.8601791074922,6.602802024744101,3.0,0.29803434032077136,-16.328061706538456,14.448180925436597,93.10246804245682,2.695093982890422,3.0,0.2750988966085487,-7.09244563649972,10.649790933685564,87.32143081860964,3.972692083597423,3.0,0.32121214118553226,1.0,0.0,0.0,0.0,1.0,0.0,0.0,0.0,1.0,0.0,0.0,0.0,271
-9.810511184090046,1.7355708619068864,95.99487160684053,4.922210996862685,3.0,0.4347990194801187,-17.1802291310558,5.648352048814823,99.30516301095662,0.5792410097255049,3.0,0.9028036723149511,-17.087114646917538,12.124897859182575,95.8464647535201,6.56402726677517,3.0,0.2977235435192371,-16.39967200126493,14.377206968552153,93.0222699979846,2.6654816685016396,3.0,0.2749523684881778,-7.459872795480934,10.60394351179465,87.33507839351721,4.065850593509366,3.0,0.3212121492445552,1.0,0.0,0.0,0.0,1.0,0.0,0.0,0.0,1.0,0.0,0.0,0.0,272
-9.608161780651743,1.7223256666786106,96.1644827811596,5.667069590996776,3.0,0.4347841274749763,-17.260037996886595,5.51063769393247,99.26027248696487,0.4376545552437272,3.0,0.9025872524393231,-17.125859518331815,12.123066329269482,95.82163612679471,6.405758721594959,3.0,0.29685300991898306,-16.428929780057477,14.314580560000753,93.02844533752184,2.7404732376439447,3.0,0.274794164185925,-7.78558852004891,10.546327414776213,87.34398183336357,2.947260248221967,3.0,0.32121214697074846,1.0,0.0,0.0,0.0,1.0,0.0,0.0,0.0,1.0,0.0,0.0,0.0,273
-9.848156950181908,1.5872258597137465,95.99666878256433,5.062041527715951,3.0,0.4347931524577117,-17.280466906645557,5.402186037765086,99.27090748610968,0.96051909116925,3.0,0.902581580843496,-17.208448616768734,12.16575876222336,95.68718929422255,5.7605164716717745,3.0,0.29700043373325374,-16.435151067204952,14.32032980724627,92.9600590135923,2.2553787181339655,3.0,0.2747868680507694,-7.895144605618498,10.500529800914215,87.42857758662156,2.51890844367901,3.0,0.32121195188867596,1.0,0.0,0.0,0.0,1.0,0.0,0.0,0.0,1.0,0.0,0.0,0.0,274
-9.84304714746695,1.5747404387658235,95.96182904127937,4.9411223191501366,3.0,0.4347912293191581,-17.290451352978724,5.189420187142698,99.20948700998832,2.013200314689128,3.0,0.9028954156229273,-17.245058539925115,12.110484838382781,95.6730119795827,6.08707703419837,3.0,0.29775089931253446,-16.497181633098396,14.230330658672278,92.98110498866676,2.6266695404656084,3.0,0.27502580825116,-7.845068250973716,10.48176117113522,87.56704816182832,3.182612459855632,3.0,0.32121202422740247,1.0,0.0,0.0,0.0,1.0,0.0,0.0,0.0,1.0,0.0,0.0,0.0,275
-9.737515521687754,1.6219850396281197,96.01690536785837,5.270010027707652,3.0,0.43479536817776704,-17.363479394618476,5.055091402454331,99.07711037603566,2.0721135620577944,3.0,0.9029618837884558,-17.273450849204746,12.07676193025015,95.65337569046032,6.046229947483471,3.0,0.29781121419733353,-16.53519862538271,14.145393380556966,92.98881531434048,2.798300357836229,3.0,0.2750783338038487,-7.694769027976495,10.487188893735517,87.66790485447149,3.2168817745017733,3.0,0.32121185174984196,1.0,0.0,0.0,0.0,1.0,0.0,0.0,0.0,1.0,0.0,0.0,0.0,276
-9.73134770995061,1.5972812687507045,96.01843295614744,5.432333691279063,3.0,0.43479716087326675,-17.393012792566104,4.944019534587719,99.03045739193907,1.997039856622289,3.0,0.9029685899679236,-17.243937366205486,12.054626360130133,95.67596389471518,6.452970637742411,3.0,0.2978160301432197,-16.513071493518115,14.089875648858344,93.01809358846971,3.1211772387979955,3.0,0.2750836633206127,-7.2691265537956244,10.550747054347134,87.88421946130009,3.129992761418707,3.0,0.32121217817013686,1.0,0.0,0.0,0.0,1.0,0.0,0.0,0.0,1.0,0.0,0.0,0.0,277
-9.748084748192179,1.5632679088163923,96.11352180375054,5.592579355780131,3.0,0.43475582241372573,-17.546769126223914,4.79757760294008,98.87228685476678,1.120526023297399,3.0,0.9029250177015504,-17.22828823755823,12.00798481398836,95.74871499540329,6.653537276105013,3.0,0.2976406911033894,-16.5048572696875,14.042161762289105,93.03282834339156,3.281019980658319,3.0,0.275051902095979,-6.956865359161177,10.538718765574549,87.9029992045149,2.4619817965522466,3.0,0.3212123114735759,1.0,0.0,0.0,0.0,1.0,0.0,0.0,0.0,1.0,0.0,0.0,0.0,278
-9.704075083182854,1.5392794419439784,96.0560637062768,5.894453530140415,3.0,0.4347357601006463,-17.52248976440942,4.8801136633190385,98.88026134387789,0.6818724791521776,3.0,0.9029081022342633,-17.229648515058535,11.978511188303127,95.73000600652044,6.781575926649576,3.0,0.2975834858439136,-16.44875514010535,14.052632677363682,93.05714751433081,3.3847699344948388,3.0,0.27503945615522224,-6.6682080205153715,10.554410232262969,87.99825886172187,2.0612699521151403,3.0,0.3212124046988868,1.0,0.0,0.0,0.0,1.0,0.0,0.0,0.0,1.0,0.0,0.0,0.0,279
-9.766114862639073,1.5280660429620707,95.95813295796084,5.899921386722238,3.0,0.4347903045327503,-17.524691787355188,4.881601354284915,98.78075805355208,1.4912112091943595,3.0,0.9030030656538841,-17.271004053441253,11.97739199606791,95.622665629778,6.862538708090656,3.0,0.29788160286333587,-16.435301096316756,14.066981651017231,93.02417038826823,3.628645922416561,3.0,0.2751106219494795,-6.6127505584508155,10.606006571212186,87.90355054255451,1.9529028295783188,3.0,0.3212120447941566,1.0,0.0,0.0,0.0,1.0,0.0,0.0,0.0,1.0,0.0,0.0,0.0,280
-9.909687231509986,1.5248770821881419,95.86164230936001,5.4260301681804535,3.0,0.43479567246646067,-17.536953528774298,4.829062121022568,98.71981098266488,2.0838063647142264,3.0,0.9030361514331481,-17.2912611948118,11.951205300559414,95.54117249533338,6.778667552605222,3.0,0.29797341408504774,-16.424217369678264,14.06425571729471,93.01104201683863,3.661547504276374,3.0,0.2751358257362244,-6.673457435175375,10.639416355986768,87.71639006872405,2.7007408608340238,3.0,0.32121223883241007,1.0,0.0,0.0,0.0,1.0,0.0,0.0,0.0,1.0,0.0,0.0,0.0,281
-9.922787911602061,1.5565137002492324,95.84626526063208,5.243723749539115,3.0,0.4347971630274054,-17.545984042198846,4.828748446586435,98.71141447543407,2.3716773060971765,3.0,0.9030458683509286,-17.323232514770243,11.929795407185765,95.58471659776166,6.592277834149836,3.0,0.2980295651636865,-16.45078635799279,14.083510779158965,93.0431523427369,3.546330926429017,3.0,0.27514238825677284,-6.889411304743229,10.645690438442989,87.50894193501156,3.5346398738470213,3.0,0.3212123276838685,1.0,0.0,0.0,0.0,1.0,0.0,0.0,0.0,1.0,0.0,0.0,0.0,282
-10.012245109508585,1.5664767183484811,95.69899947551029,4.953834814658876,3.0,0.4347968305431487,-17.560442540046985,4.819359014173414,98.65865293449534,2.63950525223674,3.0,0.9030490890939585,-17.318280025269754,11.87408258536994,95.68909461255004,6.5440627053723395,3.0,0.29802971250484067,-16.47955940911375,14.058462142718014,93.11126549440687,3.4528501099620037,3.0,0.27514430155546615,-7.131160405581754,10.631664248440318,87.28526906567899,3.6241810366619784,3.0,0.3212123730393715,1.0,0.0,0.0,0.0,1.0,0.0,0.0,0.0,1.0,0.0,0.0,0.0,283
-9.99764724518673,1.536696249936607,95.75042448486796,4.982213321564255,3.0,0.43477774682688214,-17.581486929993456,4.675015831306641,98.58075512293512,2.9778438738519672,3.0,0.9030532031117665,-17.328886929883762,11.854289902171413,95.64490622330173,6.588708337698879,3.0,0.2979681617362978,-16.485334905405868,14.008024175092777,93.11914556750851,3.288078099426594,3.0,0.2751491383646299,-7.418148551868662,10.572473246434075,87.13979817926531,3.423487493486762,3.0,0.32121245208765653,1.0,0.0,0.0,0.0,1.0,0.0,0.0,0.0,1.0,0.0,0.0,0.0,284
-10.031306723772087,1.4780792576808341,95.71196603594288,4.957267196907596,3.0,0.4347752793057128,-17.577482393306507,4.625800509090961,98.56299713015638,3.0846084395217086,3.0,0.9030414424347446,-17.36912849253557,11.867854618271116,95.62658264934706,6.272839989750487,3.0,0.29793750878932534,-16.550166674535706,13.972995651271596,93.06762236312592,3.2312571152032294,3.0,0.27514018237872934,-7.706908920694825,10.539777912666358,87.05614098419998,2.6020941211148885,3.0,0.32121201169140734,1.0,0.0,0.0,0.0,1.0,0.0,0.0,0.0,1.0,0.0,0.0,0.0,285
-10.156494731208847,1.4021134839698872,95.51702984146036,4.596264631175796,3.0,0.43479214261805604,-17.51609661907168,4.426513081958566,98.6663937871541,2.8466824177109626,3.0,0.9030457017894689,-17.408378660038675,11.874953675924928,95.57670483643922,5.992390827173824,3.0,0.2979618551200524,-16.61924816804517,13.96157074046427,93.006326087371,3.0202308573448096,3.0,0.27514314148797564,-7.783201144354989,10.45865703256918,87.15213020499388,2.27123576956486,3.0,0.32121237824681204,1.0,0.0,0.0,0.0,1.0,0.0,0.0,0.0,1.0,0.0,0.0,0.0,286
-10.214061580514802,1.3276270497530736,95.39029964355416,4.38157434978877,3.0,0.4347985694648639,-17.470529695840543,4.427801006422672,98.75342436116422,2.7030056917477165,3.0,0.903061279499711,-17.418498947738208,11.89020962326664,95.5712353088238,6.043580378347296,3.0,0.2980070522508192,-16.613414934556985,13.94570908230576,93.04024795577122,3.050980396111825,3.0,0.27515486670629097,-7.721862028404811,10.479889603181602,87.3765666846432,2.860377837494175,3.0,0.3212123129811636,1.0,0.0,0.0,0.0,1.0,0.0,0.0,0.0,1.0,0.0,0.0,0.0,287
-10.162310797752898,1.3197286670119126,95.4382788797771,4.351183152943028,3.0,0.4347986680433257,-17.430071483074286,4.3170243401702635,98.67172197980236,2.448474086124174,3.0,0.9030722603285353,-17.384791374784832,11.84283377471934,95.6520042280591,6.43852023578566,3.0,0.29804259308754555,-16.58518586967317,13.924191395939499,93.08431598018213,3.177954538357806,3.0,0.2751611190851496,-7.53642972506559,10.484295710034477,87.57494244275871,3.1646995618293587,3.0,0.3212120772399994,1.0,0.0,0.0,0.0,1.0,0.0,0.0,0.0,1.0,0.0,0.0,0.0,288
-10.065157853719008,1.3161921850644942,95.43233521608266,4.265105939887765,3.0,0.4347985778990385,-17.350175737426543,4.442725586343544,98.42202237371174,2.659918477911187,3.0,0.9030741642201607,-17.347092641776467,11.822919908258333,95.69304193979353,6.933770761859897,3.0,0.29804156182775987,-16.50733913632864,13.90859505340425,93.09959862129165,3.2454758425569743,3.0,0.2751630404360856,-7.255884249160595,10.516286559460973,87.79451829026446,3.057716419551401,3.0,0.3212125110039188,1.0,0.0,0.0,0.0,1.0,0.0,0.0,0.0,1.0,0.0,0.0,0.0,289
-10.097130028021027,1.3014310787580123,95.34118427926344,4.196145619452975,3.0,0.43478705882221536,-17.329870968394914,4.430458947569768,98.53781614774377,3.0056136243160445,3.0,0.9030620970664157,-17.310443497276882,11.768752982867532,95.77719050678529,6.955872510653053,3.0,0.29799767802209726,-16.471898523908095,13.897156936205532,93.10528366199344,3.415926182869319,3.0,0.2751557995817619,-6.980183286893614,10.547510074906215,87.95007926767958,2.531814783181888,3.0,0.32121239782475897,1.0,0.0,0.0,0.0,1.0,0.0,0.0,0.0,1.0,0.0,0.0,0.0,290
-9.843671354874308,1.3538991807866743,95.51164141364309,5.045137944375477,3.0,0.4347831872690579,-17.303846305816485,4.407100708352125,98.45950458272787,2.9591709577538103,3.0,0.9030628132845747,-17.2912016331671,11.729445473326267,95.80234511216972,7.169545680455205,3.0,0.2979960523815311,-16.493401389466612,13.8728767588332,93.11749405625224,3.4661947104088386,3.0,0.2751539726894477,-6.7880650070121895,10.56676580933777,88.06696910004707,1.8789827327281605,3.0,0.32121188526391303,1.0,0.0,0.0,0.0,1.0,0.0,0.0,0.0,1.0,0.0,0.0,0.0,291
-9.814320454942711,1.3595883874841854,95.52442601127736,5.3085698764053335,3.0,0.43479593120807775,-17.27857533048596,4.357864561173432,98.42244206472003,3.2484053114355174,3.0,0.9030391672869966,-17.32594204584364,11.750797173383416,95.69103027026884,7.205453972021586,3.0,0.2980362936501603,-16.608143782129225,13.79322556354919,93.05084797134064,3.7115829047771336,3.0,0.2751370042331114,-6.714671157265991,10.643132432875948,88.09301019740849,1.9703508128712972,3.0,0.32121067976799283,1.0,0.0,0.0,0.0,1.0,0.0,0.0,0.0,1.0,0.0,0.0,0.0,292
-9.797001175847601,1.3691503219199228,95.65896724795147,5.633014608685692,3.0,0.4347978641100686,-17.298858413267588,4.334470032579004,98.3556666881932,3.896561349644756,3.0,0.9029946103654093,-17.305528746562064,11.764504324402738,95.68746418401246,6.949960975306133,3.0,0.29786668873673516,-16.60763515052972,13.81617747692336,93.0368842756282,3.5516134485470534,3.0,0.2751041811538658,-6.790535243413173,10.65309392667685,87.97616546644225,2.570054610194113,3.0,0.32121085161292345,1.0,0.0,0.0,0.0,1.0,0.0,0.0,0.0,1.0,0.0,0.0,0.0,293
-9.759751259172145,1.438086711927579,95.7064879281396,5.806668836714426,3.0,0.43479047743547194,-17.293600732111365,4.237455961240552,98.40143536712122,4.098996688960905,3.0,0.9030099990666571,-17.38471790423575,11.798740171982079,95.77890334927903,6.960195035093822,3.0,0.2979032068157812,-16.616009547207305,13.937396978564333,92.97844550073492,3.431208965296831,3.0,0.27511612283286024,-6.973790877212641,10.667134014903217,87.74243526052527,3.246052988710639,3.0,0.3212099512315566,1.0,0.0,0.0,0.0,1.0,0.0,0.0,0.0,1.0,0.0,0.0,0.0,294
-9.772083483470253,1.4552425229100772,95.77943871233494,5.860174937132928,3.0,0.43477806901945687,-17.345196704918504,4.287879877177181,98.33920333303863,4.832895026156845,3.0,0.903043068316241,-17.38973872345592,11.842032604685448,95.73892145646352,6.650504044470157,3.0,0.29795744679487085,-16.503824545548724,14.077674504218221,92.98285170767245,3.300116167136244,3.0,0.2751401353496325,-7.17449779436287,10.622004396669992,87.46299696413345,3.558685668904671,3.0,0.3212124880574687,1.0,0.0,0.0,0.0,1.0,0.0,0.0,0.0,1.0,0.0,0.0,0.0,295
-9.82804719512739,1.439637590431621,95.8480762048292,5.618566729763593,3.0,0.43478170025612406,-17.430229116381355,4.239796178733648,98.35719752400816,4.944942222278028,3.0,0.9030451140963989,-17.260216301323005,11.931017288141186,95.64442927289612,5.7846238333202935,3.0,0.2979518602029911,-16.546356800725327,14.13731024184748,92.92281578626219,3.0300682254792353,3.0,0.27514289632828454,-7.437442484156176,10.578306641433992,87.20307514791304,3.2034256432573742,3.0,0.32121428865323487,1.0,0.0,0.0,0.0,1.0,0.0,0.0,0.0,1.0,0.0,0.0,0.0,296
-9.823986453178508,1.4962057550256183,95.71088970594474,6.043470105164283,3.0,0.43479723174538054,-17.372630308581357,4.2196472600358526,98.31427494396041,5.808787664465565,3.0,0.9030520342200136,-17.375880903238947,12.080316919589064,95.85669379230762,5.5104762891229155,3.0,0.2980724670815412,-16.61631221324855,14.09700895296509,92.98261489689828,3.2039125207444887,3.0,0.27514603913024765,-7.631884456265547,10.52947170469152,87.08230626065148,2.8014190242690358,3.0,0.32121454692982143,1.0,0.0,0.0,0.0,1.0,0.0,0.0,0.0,1.0,0.0,0.0,0.0,297
-9.706945280387972,1.4909447239876925,95.7420275100032,6.343151509814715,3.0,0.43476335218061246,-17.360456675658508,4.2181382046163165,98.17389356082181,6.011541741711885,3.0,0.9030387028209228,-17.266482847578057,12.051235949783047,95.80687012885286,5.91034602976638,3.0,0.2979210885394709,-16.632895499800767,14.109727940843857,92.9734533843284,3.0803410361288233,3.0,0.27513832455374443,-7.723204275252601,10.502488163417391,87.05436273140418,2.6021782815158816,3.0,0.3212131560002476,1.0,0.0,0.0,0.0,1.0,0.0,0.0,0.0,1.0,0.0,0.0,0.0,298
-9.638775784273678,1.48777318211504,95.65113937186624,6.143228228484507,3.0,0.4347393027732688,-17.406213794796116,4.286480177563489,98.13264651057783,5.849748687417349,3.0,0.9030128336020391,-17.331152756651584,11.89683000648431,95.73879619905038,6.886290956381047,3.0,0.2978382378089038,-16.706132600757567,14.123993586457688,92.89154995778685,3.047111879421871,3.0,0.2751189535789598,-7.630823111623075,10.451387079040996,87.20819478854523,3.1227405217064015,3.0,0.32121252008393064,1.0,0.0,0.0,0.0,1.0,0.0,0.0,0.0,1.0,0.0,0.0,0.0,299
